

***********name: conv1 




***********size: (20, 1, 5, 5) 


1.variable is 
[[[[-0.          0.17905602  0.29458821  0.          0.42172521]
   [-0.30602875 -0.19402383  0.         -0.          0.31971663]
   [-0.34511241 -0.24452567 -0.28266865 -0.          0.        ]
   [-0.         -0.44769323 -0.46830305 -0.35535318 -0.        ]
   [-0.26546991 -0.28725758 -0.41719818 -0.41222218 -0.39797688]]]


 [[[-0.          0.         -0.28725758 -0.19402383  0.        ]
   [-0.          0.11022859 -0.26546991 -0.17124397  0.26562732]
   [ 0.14050074 -0.         -0.27338082  0.11770686  0.39616749]
   [-0.21577156 -0.22557002 -0.24890058 -0.          0.38590121]
   [-0.20956235  0.          0.          0.          0.41518396]]]


 [[[ 0.25488448  0.35652566  0.         -0.         -0.        ]
   [ 0.          0.15169373 -0.         -0.         -0.        ]
   [ 0.17905602 -0.         -0.21577156 -0.         -0.36039349]
   [-0.34511241 -0.33563656 -0.46830305 -0.25402483 -0.27015704]
   [-0.32624432 -0.49376163 -0.45998418 -0.42252561 -0.28725758]]]


 [[[-0.25402483  0.         -0.30180344 -0.1393562  -0.20098107]
   [ 0.         -0.2399646   0.12635809 -0.15787539  0.        ]
   [ 0.15438996  0.         -0.15787539  0.21679118  0.25152192]
   [-0.29125801 -0.         -0.         -0.          0.        ]
   [-0.17124397  0.         -0.12036693 -0.12036693  0.        ]]]


 [[[ 0.24557497  0.33835104 -0.          0.47056252  0.26562732]
   [ 0.49489814  0.52850878  0.50155443  0.50155443  0.44001189]
   [ 0.38159689  0.38159689 -0.          0.27131957  0.39616749]
   [ 0.         -0.         -0.22557002 -0.36276415 -0.18633164]
   [-0.18211712 -0.16232559 -0.34511241 -0.18211712 -0.35535318]]]


 [[[ 0.45801392  0.25152192  0.54612821  0.30886519  0.39616749]
   [ 0.          0.46539876  0.25488448  0.29199335  0.1972338 ]
   [-0.17788416 -0.32024306 -0.29652014 -0.30180344  0.        ]
   [-0.28266865 -0.35535318 -0.         -0.47528136 -0.        ]
   [-0.35175726 -0.40581995 -0.40123722 -0.         -0.29652014]]]


 [[[ 0.15438996  0.25488448 -0.18633164  0.          0.        ]
   [-0.          0.1752239   0.1947756  -0.16733518  0.21679118]
   [-0.          0.25152192  0.20901926  0.27131957  0.30886519]
   [-0.          0.          0.27131957  0.56849772  0.37378427]
   [-0.13200043 -0.          0.32954347  0.44001189  0.37741104]]]


 [[[-0.13200043 -0.12331089  0.31971663  0.          0.        ]
   [-0.15373094  0.26036596  0.46539876  0.         -0.19053498]
   [-0.36039349  0.1947756   0.32348868  0.37378427  0.        ]
   [-0.29125801  0.42738384  0.59846205  0.39616749 -0.12647818]
   [-0.          0.45187181  0.26036596  0.          0.2236858 ]]]


 [[[-0.20956235 -0.          0.30886519 -0.08102859  0.30429047]
   [-0.13200043  0.38590121  0.         -0.          0.        ]
   [ 0.31971663  0.1972338  -0.         -0.12647818  0.15169373]
   [ 0.36570844  0.15169373 -0.37195441  0.          0.16606651]
   [ 0.21679118 -0.2399646  -0.          0.26036596 -0.1393562 ]]]


 [[[ 0.20301002 -0.          0.         -0.17124397  0.        ]
   [-0.          0.19143301 -0.20956235 -0.14501135  0.        ]
   [-0.31065217  0.16606651  0.17905602 -0.         -0.        ]
   [-0.26546991 -0.21577156 -0.1393562   0.18415564  0.        ]
   [ 0.23347083 -0.          0.15438996  0.2236858  -0.2399646 ]]]


 [[[ 0.09650845 -0.28266865 -0.         -0.15373094 -0.34511241]
   [-0.15787539 -0.2399646   0.0758853  -0.26546991  0.13225205]
   [ 0.          0.         -0.17124397 -0.          0.        ]
   [-0.         -0.1393562  -0.          0.45801392  0.        ]
   [-0.22016378 -0.19402383  0.44364178  0.5809623   0.30886519]]]


 [[[-0.30180344 -0.         -0.38182834 -0.24452567  0.        ]
   [ 0.         -0.          0.39616749  0.52850878  0.28122333]
   [ 0.37741104  0.43641806  0.68499917  0.45801392  0.29783002]
   [ 0.35325956  0.44364178 -0.         -0.         -0.30602875]
   [-0.24452567 -0.48099881 -0.51906735 -0.41719818 -0.        ]]]


 [[[ 0.          0.26562732 -0.11494481  0.14050074  0.        ]
   [-0.         -0.24890058  0.         -0.          0.21321902]
   [-0.22557002 -0.         -0.41222218 -0.33942467 -0.16232559]
   [-0.25706485 -0.33563656 -0.33563656  0.15824142  0.19143301]
   [-0.35175726 -0.         -0.          0.          0.1972338 ]]]


 [[[ 0.40529814  0.35325956  0.         -0.17788416 -0.19053498]
   [ 0.53698611  0.32954347 -0.18211712 -0.         -0.20098107]
   [ 0.38590121 -0.         -0.31065217 -0.24890058 -0.28725758]
   [ 0.15824142  0.         -0.          0.         -0.25706485]
   [-0.17788416 -0.15373094 -0.35175726 -0.36744264 -0.        ]]]


 [[[ 0.23347083  0.28122333  0.59280288  0.47154617  0.43641806]
   [ 0.          0.19143301  0.27131957  0.41037905  0.29199335]
   [-0.32024306 -0.33563656 -0.17124397  0.          0.        ]
   [-0.43180534 -0.33563656 -0.38594034 -0.         -0.        ]
   [-0.32024306 -0.         -0.22016378  0.          0.12404502]]]


 [[[ 0.         -0.1393562  -0.         -0.24452567 -0.        ]
   [-0.          0.          0.20301002 -0.13200043 -0.28266865]
   [-0.11494481 -0.         -0.          0.15169373  0.14554228]
   [ 0.17049383  0.2236858   0.14554228 -0.          0.30886519]
   [-0.          0.         -0.18211712 -0.          0.        ]]]


 [[[ 0.26036596  0.39616749 -0.12331089 -0.21577156 -0.47528136]
   [ 0.53120059  0.41518396  0.14050074 -0.32024306 -0.542319  ]
   [ 0.64051557  0.          0.         -0.49735838 -0.36276415]
   [ 0.53120059  0.44681892 -0.05286307 -0.15787539 -0.        ]
   [-0.          0.25488448  0.43641806  0.35325956  0.30429047]]]


 [[[ 0.          0.          0.         -0.22016378 -0.15787539]
   [-0.28725758 -0.20677121 -0.18211712 -0.24452567  0.        ]
   [-0.16733518 -0.19053498  0.14554228 -0.09764367 -0.        ]
   [ 0.26036596  0.24557497  0.20901926  0.38159689  0.17905602]
   [ 0.27131957  0.         -0.14719017  0.         -0.        ]]]


 [[[-0.          0.         -0.          0.          0.        ]
   [-0.31644735 -0.39797688 -0.23183191 -0.29125801 -0.1393562 ]
   [ 0.         -0.         -0.         -0.          0.21679118]
   [ 0.36085016  0.4016535   0.20901926 -0.          0.1752239 ]
   [-0.          0.         -0.          0.31971663  0.        ]]]


 [[[ 0.17049383 -0.         -0.          0.21321902  0.32348868]
   [ 0.          0.          0.45187181  0.20301002  0.        ]
   [ 0.          0.34498319 -0.         -0.         -0.27338082]
   [ 0.          0.          0.         -0.26546991  0.        ]
   [ 0.          0.         -0.20098107  0.         -0.19402383]]]]


***********size: (20,) 


2.variable is 
[ 0.1905714   0.13779342  0.10581756  0.0111787  -0.18480112  0.0904257
 -0.21496052  0.07451413  0.06471244 -0.06894607  0.07058135 -0.36011049
  0.19892171  0.05389908 -0.10023218 -0.08488429 -0.03028409  0.04259494
 -0.22310942 -0.17212762]


***********name: conv2 




***********size: (50, 20, 5, 5) 


1.variable is 
[[[[-0.          0.         -0.0864081  -0.11767514 -0.0636241 ]
   [-0.05219477  0.         -0.         -0.09958882  0.        ]
   [ 0.          0.         -0.         -0.06671577  0.        ]
   [ 0.          0.          0.         -0.05064429 -0.        ]
   [-0.          0.          0.          0.07118982 -0.        ]]

  [[-0.05854671 -0.          0.11196698  0.         -0.        ]
   [-0.05854671  0.07597069  0.07597055 -0.06840249  0.        ]
   [-0.          0.08281757  0.          0.          0.        ]
   [-0.          0.          0.         -0.         -0.        ]
   [-0.         -0.         -0.         -0.         -0.06184054]]

  [[ 0.         -0.         -0.         -0.10082427  0.05980464]
   [-0.         -0.         -0.07341694 -0.04892283  0.        ]
   [ 0.          0.         -0.         -0.          0.06943021]
   [ 0.          0.07118982  0.         -0.         -0.        ]
   [-0.         -0.          0.         -0.          0.        ]]

  ..., 
  [[ 0.         -0.          0.         -0.          0.        ]
   [-0.         -0.          0.         -0.         -0.        ]
   [-0.          0.          0.          0.         -0.        ]
   [-0.06840236  0.         -0.         -0.         -0.        ]
   [ 0.         -0.          0.         -0.          0.        ]]

  [[ 0.          0.05647564  0.         -0.05064429 -0.        ]
   [-0.          0.          0.         -0.0667157  -0.        ]
   [ 0.          0.          0.         -0.          0.        ]
   [-0.06840247 -0.          0.03727206  0.          0.05817226]
   [ 0.05313622  0.          0.         -0.          0.        ]]

  [[-0.05695594 -0.         -0.          0.09909502  0.10392758]
   [-0.         -0.          0.          0.          0.        ]
   [-0.05539393 -0.06524768  0.         -0.         -0.        ]
   [ 0.         -0.         -0.0585467  -0.          0.        ]
   [-0.         -0.         -0.         -0.         -0.        ]]]


 [[[-0.          0.         -0.          0.06310543  0.06310543]
   [-0.07341678  0.          0.          0.10223806  0.        ]
   [-0.          0.         -0.         -0.         -0.        ]
   [ 0.          0.          0.         -0.         -0.        ]
   [-0.         -0.         -0.          0.          0.        ]]

  [[-0.          0.         -0.         -0.          0.        ]
   [ 0.         -0.         -0.          0.         -0.        ]
   [-0.0652476  -0.         -0.          0.         -0.        ]
   [-0.          0.         -0.         -0.         -0.        ]
   [ 0.          0.          0.         -0.05854633  0.        ]]

  [[-0.09788754  0.         -0.          0.07597122  0.        ]
   [ 0.          0.          0.0810819   0.14211681  0.09719824]
   [-0.06671569  0.0810819   0.13405803  0.10597827  0.        ]
   [ 0.          0.09090149  0.         -0.         -0.        ]
   [ 0.08744581  0.06310535  0.         -0.         -0.05854633]]

  ..., 
  [[ 0.         -0.         -0.         -0.         -0.        ]
   [ 0.         -0.          0.         -0.         -0.07510957]
   [ 0.          0.          0.         -0.         -0.        ]
   [-0.          0.          0.         -0.          0.        ]
   [-0.          0.          0.          0.          0.        ]]

  [[ 0.          0.         -0.         -0.         -0.        ]
   [ 0.          0.         -0.          0.         -0.        ]
   [-0.04701644  0.         -0.08640803 -0.         -0.        ]
   [-0.         -0.         -0.          0.          0.        ]
   [-0.07833294 -0.0569557  -0.         -0.          0.        ]]

  [[-0.          0.         -0.         -0.          0.        ]
   [ 0.         -0.         -0.          0.          0.        ]
   [ 0.          0.08108183 -0.         -0.0585462  -0.07510963]
   [ 0.          0.06629071 -0.07341681 -0.09482719 -0.        ]
   [-0.         -0.05854651 -0.08813734 -0.         -0.        ]]]


 [[[-0.         -0.         -0.10082418  0.         -0.        ]
   [ 0.07461669  0.10870915  0.          0.          0.        ]
   [ 0.          0.16194686  0.14670873  0.08744484 -0.04701657]
   [-0.          0.          0.         -0.         -0.07510994]
   [-0.          0.         -0.          0.04143536  0.03911353]]

  [[ 0.          0.         -0.          0.         -0.        ]
   [ 0.         -0.         -0.         -0.08003006 -0.07341671]
   [-0.         -0.         -0.         -0.0538665  -0.        ]
   [-0.          0.         -0.         -0.         -0.        ]
   [ 0.         -0.          0.          0.          0.        ]]

  [[ 0.         -0.         -0.         -0.          0.        ]
   [ 0.          0.         -0.         -0.         -0.        ]
   [ 0.          0.0729472   0.          0.09581225 -0.        ]
   [ 0.          0.          0.          0.         -0.        ]
   [ 0.          0.         -0.          0.05313625  0.        ]]

  ..., 
  [[-0.04374743  0.          0.          0.          0.        ]
   [-0.          0.         -0.          0.          0.        ]
   [ 0.          0.         -0.         -0.         -0.        ]
   [ 0.          0.          0.06629091 -0.          0.        ]
   [ 0.         -0.         -0.         -0.         -0.05064441]]

  [[-0.         -0.          0.08744522  0.          0.        ]
   [-0.06671567  0.          0.          0.07943889 -0.        ]
   [-0.          0.         -0.          0.         -0.        ]
   [-0.         -0.          0.0729472  -0.          0.        ]
   [-0.          0.          0.          0.          0.        ]]

  [[ 0.         -0.          0.          0.          0.        ]
   [ 0.05483158  0.          0.05980485  0.          0.        ]
   [-0.          0.06310546  0.06629075 -0.          0.        ]
   [-0.06184054 -0.          0.         -0.         -0.        ]
   [ 0.         -0.          0.04995555  0.0515469  -0.        ]]]


 ..., 
 [[[ 0.1221781   0.1059781   0.06629061  0.06464654  0.        ]
   [ 0.05483146  0.          0.          0.          0.        ]
   [-0.05854664 -0.         -0.          0.07118987 -0.        ]
   [-0.         -0.         -0.          0.          0.        ]
   [-0.         -0.         -0.06362394 -0.          0.        ]]

  [[-0.0553938  -0.         -0.          0.          0.        ]
   [ 0.          0.         -0.06362394  0.08928253  0.        ]
   [-0.          0.         -0.          0.         -0.        ]
   [ 0.         -0.         -0.          0.         -0.        ]
   [-0.          0.          0.06629085 -0.          0.        ]]

  [[ 0.08108201  0.05980523  0.          0.06464635 -0.        ]
   [ 0.          0.          0.09408906  0.          0.        ]
   [-0.          0.          0.          0.         -0.        ]
   [-0.         -0.          0.         -0.          0.        ]
   [ 0.04995531 -0.         -0.06524786 -0.         -0.07165881]]

  ..., 
  [[-0.          0.         -0.         -0.         -0.        ]
   [ 0.          0.          0.          0.         -0.0538666 ]
   [-0.          0.         -0.          0.         -0.        ]
   [-0.         -0.          0.          0.          0.        ]
   [-0.         -0.          0.05647562 -0.          0.        ]]

  [[ 0.         -0.05854671 -0.         -0.         -0.        ]
   [ 0.07597052 -0.          0.         -0.          0.        ]
   [ 0.         -0.         -0.          0.         -0.        ]
   [ 0.         -0.         -0.          0.          0.        ]
   [-0.         -0.         -0.          0.         -0.        ]]

  [[-0.         -0.          0.         -0.          0.        ]
   [-0.          0.         -0.         -0.          0.        ]
   [ 0.05313625  0.         -0.         -0.          0.        ]
   [ 0.         -0.          0.         -0.         -0.        ]
   [ 0.         -0.          0.          0.          0.        ]]]


 [[[ 0.         -0.          0.         -0.0948273  -0.09309134]
   [-0.          0.         -0.         -0.         -0.0832731 ]
   [ 0.         -0.         -0.         -0.12272119 -0.11294108]
   [ 0.07765673  0.         -0.         -0.         -0.        ]
   [ 0.         -0.         -0.         -0.         -0.0652475 ]]

  [[-0.          0.         -0.         -0.         -0.        ]
   [-0.         -0.          0.          0.          0.        ]
   [-0.         -0.          0.         -0.         -0.08152526]
   [-0.0849888  -0.          0.0842469  -0.         -0.        ]
   [-0.          0.         -0.         -0.          0.        ]]

  [[-0.         -0.         -0.         -0.10269549 -0.        ]
   [ 0.          0.          0.         -0.         -0.08003023]
   [-0.         -0.          0.         -0.14692883  0.        ]
   [ 0.07597061  0.         -0.         -0.          0.05980471]
   [ 0.          0.         -0.08152533  0.          0.        ]]

  ..., 
  [[ 0.         -0.          0.          0.         -0.        ]
   [ 0.         -0.         -0.06362426 -0.07511006 -0.        ]
   [-0.04701637  0.         -0.         -0.          0.        ]
   [-0.         -0.         -0.         -0.07341666  0.        ]
   [-0.         -0.         -0.         -0.         -0.        ]]

  [[ 0.         -0.          0.          0.         -0.        ]
   [ 0.          0.          0.          0.          0.        ]
   [ 0.          0.         -0.          0.         -0.08813719]
   [-0.         -0.          0.0451004  -0.         -0.        ]
   [-0.          0.          0.         -0.09150416 -0.        ]]

  [[-0.         -0.         -0.         -0.07341666  0.        ]
   [-0.         -0.         -0.          0.          0.        ]
   [-0.         -0.         -0.10448455  0.          0.092393  ]
   [ 0.         -0.         -0.          0.          0.        ]
   [-0.         -0.07833293 -0.          0.          0.        ]]]


 [[[-0.         -0.         -0.         -0.0751101  -0.        ]
   [-0.         -0.         -0.         -0.          0.        ]
   [ 0.         -0.         -0.11767498 -0.08640788 -0.        ]
   [ 0.         -0.         -0.          0.          0.        ]
   [ 0.         -0.         -0.         -0.         -0.        ]]

  [[-0.         -0.          0.          0.06310545 -0.        ]
   [-0.         -0.          0.          0.         -0.09958867]
   [ 0.          0.06310545  0.05817219 -0.         -0.        ]
   [ 0.          0.06943009 -0.09958867 -0.08813725 -0.        ]
   [ 0.         -0.          0.         -0.          0.        ]]

  [[ 0.         -0.         -0.         -0.08986555 -0.        ]
   [ 0.          0.          0.         -0.12272155  0.        ]
   [ 0.          0.          0.         -0.          0.10870915]
   [-0.         -0.          0.          0.09090167  0.09408902]
   [ 0.         -0.06184068  0.0729472   0.12217765 -0.        ]]

  ..., 
  [[-0.         -0.          0.         -0.         -0.        ]
   [-0.          0.          0.         -0.          0.        ]
   [-0.         -0.          0.         -0.         -0.07670857]
   [ 0.          0.         -0.         -0.07510982 -0.        ]
   [-0.         -0.06184049 -0.         -0.          0.        ]]

  [[ 0.         -0.         -0.          0.          0.        ]
   [ 0.          0.          0.07597069 -0.         -0.        ]
   [ 0.          0.         -0.          0.         -0.0800304 ]
   [ 0.05483156 -0.         -0.06025084 -0.08498856 -0.        ]
   [ 0.         -0.05854658 -0.         -0.06840242  0.        ]]

  [[ 0.         -0.05219476  0.         -0.          0.        ]
   [-0.         -0.         -0.          0.          0.        ]
   [-0.         -0.05854658  0.          0.          0.        ]
   [-0.          0.          0.11724503  0.          0.        ]
   [-0.          0.         -0.          0.         -0.        ]]]]


***********size: (50,) 


2.variable is 
[-0.05855225  0.01929493 -0.05372239 -0.03362366 -0.04512796 -0.08665918
 -0.0566761  -0.00431467 -0.02422433 -0.04788469 -0.03833864 -0.00967309
 -0.00636414 -0.09744708 -0.10807539 -0.03598437 -0.06679729 -0.01151772
  0.02359536 -0.09166206 -0.07010226 -0.01101152  0.02683392 -0.04397571
 -0.0240723  -0.01210508 -0.01230054  0.10496413 -0.0393487  -0.03555358
 -0.02764336 -0.04884024  0.01926119 -0.06396482 -0.02223082 -0.06790668
 -0.06915329 -0.07247836 -0.02688156 -0.0561868  -0.0391758  -0.07623354
 -0.01397033 -0.08462947 -0.01676913 -0.03947968 -0.10981435  0.02049751
 -0.06903224 -0.04845804]


***********name: fc1 




***********size: (500, 800) 


1.variable is 
[[ 0.          0.          0.03648385 ..., -0.03406286  0.         -0.        ]
 [ 0.          0.         -0.         ..., -0.         -0.         -0.        ]
 [-0.          0.03648371  0.         ..., -0.          0.          0.        ]
 ..., 
 [-0.         -0.         -0.         ...,  0.         -0.         -0.        ]
 [-0.         -0.         -0.         ...,  0.03648349 -0.          0.        ]
 [ 0.         -0.         -0.         ..., -0.         -0.          0.03648346]]


***********size: (500,) 


2.variable is 
[ -2.83562345e-03   1.20289659e-03   6.10268069e-03  -2.90060067e-03
   5.52098907e-04  -1.63714623e-03   5.53926360e-03   7.33589614e-03
   1.41882978e-03   9.34137590e-03   5.05011715e-03   9.87154618e-03
   1.47061562e-03  -2.82538077e-03   2.04694178e-03   6.77101361e-03
  -6.82409591e-05   3.42155370e-04   5.73611446e-03  -2.78734416e-03
   7.23790471e-03   2.06795451e-03  -7.95040932e-03   1.19602289e-02
   3.38013936e-03  -1.10634568e-03   9.59465001e-03  -1.53479539e-03
  -7.09978340e-04   7.13353278e-03   3.79265775e-03  -1.56304755e-04
  -8.23295559e-05   3.11667169e-03  -2.02231854e-03   1.56627949e-02
   6.49245922e-03  -1.36397192e-02   1.33639667e-03  -1.25049753e-03
  -2.22281017e-03   1.47978105e-02   9.02478863e-03   6.61064230e-04
   8.16537440e-03  -1.26030007e-02  -2.26160664e-05  -6.13602111e-04
   4.03777789e-03  -1.60720083e-03   1.20516242e-02  -1.57629896e-03
   1.48227718e-03   1.14146899e-02   1.11769987e-02   1.64430460e-03
   7.76065001e-03  -1.91763812e-03   3.86880501e-03  -2.31472100e-03
  -1.65456382e-03   1.60717557e-03  -4.75683808e-03  -6.20352384e-03
   8.76073434e-04   8.38006195e-03   9.82986949e-03   3.42566567e-03
   4.88157431e-03   2.34897016e-03   9.59892105e-03  -3.77759337e-03
  -2.45044095e-04  -1.29519307e-04   2.07296014e-02  -1.64358993e-03
   1.95388286e-03   2.57907771e-02   7.23302877e-03   6.63352525e-03
   1.05726859e-02   6.70035230e-03   1.14348484e-02  -4.51141968e-03
   3.21837468e-03   1.71619630e-03   1.02303678e-03   1.47121781e-02
   1.93228258e-03   5.08120342e-04   1.35864466e-02   8.72173719e-03
   7.43102189e-03   1.27029885e-02  -1.23775867e-03   8.46018828e-03
  -3.90813839e-05   3.53583926e-03  -3.49473022e-03   8.50538816e-03
   2.52664066e-03   1.41353195e-03   5.43132005e-03   7.39816984e-04
   5.15504787e-03   1.07503869e-02   3.94851761e-03  -6.87935716e-03
   7.89341796e-03   8.45652597e-04   1.37042813e-02   1.26894144e-03
   4.45355894e-03   1.81122939e-03   8.07165820e-03   5.11464496e-05
   3.07219010e-03   6.84629311e-04   6.34988351e-03   8.85102712e-03
   7.23574217e-03   2.30520367e-04   1.23090309e-03   6.48518512e-03
   1.97944846e-02   2.71645305e-03   1.30845746e-03   6.94911182e-03
   2.05779281e-02   2.06783824e-02   8.64261854e-03  -2.07175990e-03
   1.60369799e-02   5.47457312e-04   1.91344209e-02   3.83427087e-03
   8.88688676e-03   2.12457939e-03   1.40677122e-02   3.71610303e-03
  -6.13180408e-03   5.46537340e-03   6.34299417e-04   9.35685541e-03
   4.19828715e-03   9.00833961e-03   1.14340223e-02   2.24739988e-03
   6.01816791e-05   5.33535902e-04   2.30797697e-02   6.50433451e-03
   7.82026444e-03   1.89084094e-03  -4.44711972e-04   1.00853399e-03
   5.78107964e-03   1.29093491e-02   9.42376908e-03   2.16252101e-03
   1.79651957e-02   1.45521220e-02   2.03491678e-03   8.90593044e-03
   3.80429951e-03   6.62745442e-03  -1.42705929e-03   8.85418057e-03
  -7.33940164e-04   9.36002284e-03  -1.13854511e-03   1.53290071e-02
  -4.23391769e-03  -1.78000191e-03   3.41105298e-03   9.64658801e-03
   5.25945325e-05   1.55300107e-02   3.96237848e-03   1.10922637e-03
   7.93550070e-03  -1.12877206e-04   1.41328974e-02  -4.53212811e-03
   1.54779851e-03   1.21758003e-02  -1.77159756e-02   9.91557445e-03
   5.45288762e-03   8.94936093e-04  -2.69488269e-03  -3.40709835e-03
   4.42914339e-03  -4.07186802e-03   3.59047088e-03  -1.42881984e-03
  -7.79092079e-04   9.84109752e-03   4.86683985e-03   4.77380643e-04
   1.90039296e-02   4.68632160e-03   4.26145177e-03  -1.97309139e-03
   7.21409684e-03   6.75752200e-03   1.20391240e-04  -3.52807017e-03
   2.65344186e-03   5.25544921e-04   2.89161131e-03   8.58345476e-04
   1.92931425e-02   6.74074516e-04   3.12995492e-03   7.46237533e-03
   3.65713472e-03  -3.54136318e-05   6.22784020e-04   8.67336523e-03
   1.40921557e-02  -2.56706658e-03   8.01176857e-03  -1.96922803e-03
   7.27401674e-03   2.40107463e-03   3.94533854e-03   5.16063860e-03
  -5.52536163e-04   3.09785479e-04   1.34718418e-02  -1.84002949e-03
   7.35890400e-03   7.07553467e-03   2.55418103e-03  -3.65540688e-03
   1.75265875e-02   2.57108267e-03   2.22231168e-02  -9.25594650e-04
   2.70111170e-02   1.15269851e-02   1.20945852e-02   5.79099217e-03
  -8.56117869e-04   1.40365530e-02  -5.04673738e-03  -2.40247487e-03
  -5.03229749e-05   6.92626415e-03   1.43676195e-02  -5.92886005e-04
   1.35528669e-02   5.70761366e-03   7.09399860e-03   5.87452855e-03
  -5.37210656e-03   2.00374145e-03   1.18309474e-02   2.57907785e-03
   5.98117802e-03   1.32653909e-03  -3.77027132e-03   7.38269277e-03
  -3.32757388e-03   6.97100209e-03   2.45473231e-03   7.62497354e-03
   1.10664275e-02   3.39996815e-03   2.96774646e-03  -2.28478503e-03
  -2.47452990e-03   1.67256658e-04  -1.36138778e-03  -5.68988580e-05
   6.70245674e-04   1.53148798e-02   1.67366676e-02   6.30352832e-03
   1.81649700e-02   1.17430808e-02  -9.50057246e-03   4.55542264e-04
  -1.01574336e-03  -9.87101521e-05  -3.78756924e-03  -6.29980210e-03
   1.09525258e-02   4.01386205e-04  -1.82649982e-03   7.90157914e-03
  -2.82223360e-03   3.32426117e-03   1.81117486e-02   5.49558690e-03
  -1.05132628e-02  -2.79791956e-03   1.24457860e-02   1.19508877e-02
   1.30963523e-03   6.90255733e-03   1.99315511e-03   4.23818920e-03
   2.48582731e-03   7.89004099e-03   8.41126963e-03   9.19307058e-06
   4.17344784e-03   1.10998414e-02   3.27460887e-03   8.25206004e-03
  -3.31361458e-04   1.13774398e-02   4.34886338e-03   9.51533904e-04
   4.77990462e-03   9.17835720e-03  -1.90328609e-03   4.39863838e-03
  -6.22384204e-03  -2.64339178e-04   1.30568398e-03  -1.63739861e-03
   1.11610815e-03   1.10459700e-03   1.39668882e-02   1.68158393e-02
  -9.37515579e-04   1.85770751e-03   1.13479272e-02   9.12994874e-05
  -1.17927580e-03   9.14734695e-03  -1.23052538e-04   8.76423903e-03
  -1.76547293e-03   7.76598882e-03   1.08779492e-02   1.05267782e-02
  -8.99162889e-03  -2.05524289e-03  -3.40166269e-03   3.81791033e-03
   1.22504598e-02  -2.55833124e-03   6.25717780e-03   8.64274520e-03
  -5.99119870e-04   4.07051248e-03  -3.85241088e-04   6.94732089e-03
   1.13373939e-02   8.05296935e-03  -2.40174215e-03   7.46571179e-03
   5.40731475e-03   2.11569238e-02   2.01202044e-03   1.22791925e-03
   6.77570235e-03   5.38368570e-03  -2.37260340e-03  -3.80638964e-03
   3.45414574e-03   5.93360374e-03  -2.66266963e-03   1.93778786e-03
   6.94481190e-03  -1.98535403e-04  -3.72395036e-04  -2.50612822e-04
  -8.95599776e-04   8.83644214e-04   9.63985175e-03  -4.77316789e-03
   3.67634161e-03   5.28404349e-03   1.32780392e-02   3.39797954e-03
   1.38089294e-02   5.33631211e-03   4.33251169e-03   7.71856122e-03
  -1.50561717e-03   5.06042084e-03  -9.76999399e-06   1.72549039e-02
   6.25356520e-03  -1.24240597e-03  -5.72241331e-03  -5.87587885e-04
   8.03715084e-03   5.98518550e-03   1.62331183e-02   6.66385004e-03
   8.31657555e-03  -4.16531507e-03   8.34915508e-03  -2.00302037e-03
   3.22005223e-03  -8.42583016e-04   5.80289541e-03   1.79803441e-03
  -3.75541946e-04   6.06664317e-03   8.29258934e-03   4.08303784e-03
   4.36335709e-03  -1.93984224e-03  -9.35100135e-04  -1.88208069e-03
   1.28362067e-02   3.44516570e-03   8.54774471e-03   6.72425237e-03
   4.63714032e-03   4.44310810e-03   1.05195567e-02   1.39161339e-02
   3.87291471e-03   4.30851430e-03  -2.08569597e-03   6.54076552e-03
  -1.20926404e-03   6.86652260e-03   3.00946133e-03   2.27913707e-02
   8.23194534e-03   7.35573296e-04   7.50049762e-03   4.19700891e-03
   2.09029578e-02   5.05128875e-03  -1.84146094e-03   8.06278829e-03
  -1.29638938e-02   2.68633547e-03   1.08791573e-03  -4.44798172e-03
  -3.67430877e-03  -4.17409232e-03  -9.91494046e-04   4.63558547e-03
   1.57853065e-03   1.32654642e-03   4.51208837e-03  -1.03317376e-03
   3.70566943e-03   9.25952848e-03   1.20500717e-02   3.64293082e-04
   5.19706868e-03   1.32401788e-03  -5.67223597e-03  -1.12067617e-03
   9.29304585e-03   1.86702306e-03   1.59546286e-02   1.61780827e-02
  -9.27181449e-04   6.64236397e-03   1.52608622e-02   1.30553711e-02
  -2.74092949e-04   1.56460237e-03   1.22348387e-02  -4.17036517e-03
   8.59749224e-03   2.19127722e-02   1.42452773e-02   1.16685955e-02
   2.81150773e-04   4.96517494e-03   6.90676132e-03  -6.81205827e-04
   1.67535394e-02   4.97717690e-03  -4.42802021e-03   5.17246732e-03
   7.55709037e-03   2.97874748e-03   7.84088299e-03   1.40663981e-03
   1.96465943e-03  -3.22496751e-04  -6.16626907e-03   2.65974924e-03
   3.72286444e-03  -1.77902542e-03  -3.51633690e-03  -2.23183801e-04
   5.40474523e-03   1.99276023e-03   1.69697183e-03   5.08704735e-03
   1.39556173e-02   4.25810413e-03   3.10891261e-03  -1.57529081e-03]


***********name: fc2 




***********size: (10, 500) 


1.variable is 
[[ 0.          0.         -0.         ..., -0.         -0.         -0.        ]
 [ 0.         -0.         -0.         ...,  0.          0.          0.        ]
 [ 0.          0.          0.         ...,  0.         -0.20671527 -0.        ]
 ..., 
 [-0.         -0.          0.12307875 ...,  0.         -0.          0.        ]
 [ 0.          0.         -0.         ..., -0.         -0.          0.        ]
 [-0.         -0.         -0.         ..., -0.          0.20796596 -0.        ]]


***********size: (10,) 


2.variable is 
[-0.00281396  0.0178352  -0.00759165 -0.02564388  0.00663135  0.00582707
 -0.04163695 -0.04275791  0.08829419  0.00184833]
