

***********name: conv1 , layer: <caffe._caffe.BlobVec object at 0x7f2aad86dbb0>




***********size: (20, 1, 5, 5)


1.variable is 
[[[[-0.          0.17903218  0.29458711  0.          0.42173204]
   [-0.30605081 -0.19404443  0.         -0.          0.31971532]
   [-0.34513915 -0.24455528 -0.28267956 -0.          0.        ]
   [-0.         -0.44769773 -0.46831307 -0.3553437  -0.        ]
   [-0.26550221 -0.28726187 -0.41725254 -0.4122225  -0.39797974]]]


 [[[-0.          0.         -0.28726187 -0.19404443  0.        ]
   [-0.          0.11023843 -0.26550221 -0.17126426  0.26562971]
   [ 0.14051212 -0.         -0.27339342  0.11769697  0.39612919]
   [-0.21579079 -0.22556567 -0.24889223 -0.          0.38588741]
   [-0.20955899  0.          0.          0.          0.41517138]]]


 [[[ 0.25485387  0.35650536  0.         -0.         -0.        ]
   [ 0.          0.15122724 -0.         -0.         -0.        ]
   [ 0.17903218 -0.         -0.21579079 -0.         -0.36037803]
   [-0.34513915 -0.335639   -0.46831307 -0.2540181  -0.27013445]
   [-0.32629469 -0.49378327 -0.45998627 -0.42251834 -0.28726187]]]


 [[[-0.2540181   0.         -0.3018108  -0.13936689 -0.20098086]
   [ 0.         -0.23998536  0.12636515 -0.15743618  0.        ]
   [ 0.15404937  0.         -0.15743618  0.21677236  0.25152323]
   [-0.29125836 -0.         -0.         -0.          0.        ]
   [-0.17126426  0.         -0.12037434 -0.12037434  0.        ]]]


 [[[ 0.24558389  0.3383536  -0.          0.47052076  0.26562971]
   [ 0.49492356  0.52846503  0.50150299  0.50150299  0.43999439]
   [ 0.38159108  0.38159108 -0.          0.27288592  0.39612919]
   [ 0.         -0.         -0.22556567 -0.36275563 -0.18634424]
   [-0.18213007 -0.16145593 -0.34513915 -0.18213007 -0.3553437 ]]]


 [[[ 0.45797914  0.25152323  0.54610598  0.30883193  0.39612919]
   [ 0.          0.46539074  0.25485387  0.29196912  0.19722553]
   [-0.17789178 -0.32023421 -0.29652596 -0.3018108   0.        ]
   [-0.28267956 -0.3553437  -0.         -0.47529617 -0.        ]
   [-0.35176829 -0.40584195 -0.40126997 -0.         -0.29652596]]]


 [[[ 0.15404937  0.25485387 -0.18634424  0.          0.        ]
   [-0.          0.17519796  0.19477411 -0.16734895  0.21677236]
   [-0.          0.25152323  0.20900469  0.26893446  0.30883193]
   [-0.          0.          0.27288592  0.56848854  0.3737579 ]
   [-0.13200264 -0.          0.32953331  0.43999439  0.37740415]]]


 [[[-0.13200264 -0.12330947  0.31971532  0.          0.        ]
   [-0.15372047  0.26036134  0.46539074  0.         -0.1905307 ]
   [-0.36037803  0.19477411  0.32348865  0.3737579   0.        ]
   [-0.29125836  0.42741004  0.59846991  0.39612919 -0.12649453]
   [-0.          0.45186442  0.26036134  0.          0.22368759]]]


 [[[-0.20955899 -0.          0.30883193 -0.08105463  0.30429101]
   [-0.13200264  0.38588741  0.         -0.          0.        ]
   [ 0.31971532  0.19722553 -0.         -0.12649453  0.15404937]
   [ 0.36569133  0.15122724 -0.37197611  0.          0.16605069]
   [ 0.21677236 -0.23998536 -0.          0.26036134 -0.13936689]]]


 [[[ 0.20300238 -0.          0.         -0.17126426  0.        ]
   [-0.          0.19142753 -0.20955899 -0.14503092  0.        ]
   [-0.31066951  0.16605069  0.17903218 -0.         -0.        ]
   [-0.26550221 -0.21579079 -0.13936689  0.18414576  0.        ]
   [ 0.23348215 -0.          0.15404937  0.22368759 -0.23998536]]]


 [[[ 0.09648736 -0.28267956 -0.         -0.15372047 -0.34513915]
   [-0.16145593 -0.23998536  0.07586541 -0.26550221  0.13222466]
   [ 0.          0.         -0.17126426 -0.          0.        ]
   [-0.         -0.13936689 -0.          0.45797914  0.        ]
   [-0.22017777 -0.19404443  0.44359893  0.58093005  0.30883193]]]


 [[[-0.3018108  -0.         -0.381874   -0.24455528  0.        ]
   [ 0.         -0.          0.39612919  0.52846503  0.28117752]
   [ 0.37740415  0.43638459  0.68493742  0.45797914  0.29778957]
   [ 0.35325333  0.44359893 -0.         -0.         -0.30605081]
   [-0.24455528 -0.48105201 -0.51912576 -0.41725254 -0.        ]]]


 [[[ 0.          0.26562971 -0.11494251  0.14051212  0.        ]
   [-0.         -0.24889223  0.         -0.          0.21321562]
   [-0.22556567 -0.         -0.4122225  -0.33943605 -0.16145593]
   [-0.25705531 -0.335639   -0.335639    0.15824327  0.19142753]
   [-0.35176829 -0.         -0.          0.          0.19722553]]]


 [[[ 0.40529323  0.35325333  0.         -0.17789178 -0.1905307 ]
   [ 0.53697687  0.32953331 -0.18213007 -0.         -0.20098086]
   [ 0.38588741 -0.         -0.31066951 -0.24889223 -0.28726187]
   [ 0.15824327  0.         -0.          0.         -0.25705531]
   [-0.17789178 -0.15372047 -0.35176829 -0.36744329 -0.        ]]]


 [[[ 0.23348215  0.28117752  0.59277821  0.47152019  0.43638459]
   [ 0.          0.19142753  0.27288592  0.41035616  0.29196912]
   [-0.32023421 -0.335639   -0.17126426  0.          0.        ]
   [-0.43179289 -0.335639   -0.38596407 -0.         -0.        ]
   [-0.32023421 -0.         -0.22017777  0.          0.12404819]]]


 [[[ 0.         -0.13936689 -0.         -0.24455528 -0.        ]
   [-0.          0.          0.20300238 -0.13200264 -0.28267956]
   [-0.11494251 -0.         -0.          0.15122724  0.14553075]
   [ 0.17049602  0.22368759  0.14553075 -0.          0.30883193]
   [-0.          0.         -0.18213007 -0.          0.        ]]]


 [[[ 0.26036134  0.39612919 -0.12330947 -0.21579079 -0.47529617]
   [ 0.53121424  0.41517138  0.14051212 -0.32023421 -0.54230535]
   [ 0.64053828  0.          0.         -0.49737331 -0.36275563]
   [ 0.53121424  0.44680125 -0.05289346 -0.15743618 -0.        ]
   [-0.          0.25485387  0.43638459  0.35325333  0.30429101]]]


 [[[ 0.          0.          0.         -0.22017777 -0.15743618]
   [-0.28726187 -0.20679666 -0.18213007 -0.24455528  0.        ]
   [-0.16734895 -0.1905307   0.14553075 -0.09767199 -0.        ]
   [ 0.26036134  0.24558389  0.20900469  0.38159108  0.17903218]
   [ 0.26893446  0.         -0.147214    0.         -0.        ]]]


 [[[-0.          0.         -0.          0.          0.        ]
   [-0.31646025 -0.39797974 -0.23184566 -0.29125836 -0.13936689]
   [ 0.         -0.         -0.         -0.          0.21677236]
   [ 0.36084151  0.4016397   0.20900469 -0.          0.17519796]
   [-0.          0.         -0.          0.31971532  0.        ]]]


 [[[ 0.17049602 -0.         -0.          0.21321562  0.32348865]
   [ 0.          0.          0.45186442  0.20300238  0.        ]
   [ 0.          0.34497431 -0.         -0.         -0.27339342]
   [ 0.          0.          0.         -0.26550221  0.        ]
   [ 0.          0.         -0.20098086  0.         -0.19404443]]]]


***********size: (20,)


2.variable is 
[ 0.19461481  0.13691531  0.10547066  0.01220627 -0.18457833  0.09217141
 -0.21685949  0.07199527  0.0628933  -0.06897578  0.06962174 -0.35878941
  0.19889025  0.05272759 -0.09854276 -0.08450368 -0.03121893  0.0438696
 -0.22186874 -0.1727244 ]


***********name: conv2 , layer: <caffe._caffe.BlobVec object at 0x7f2aad8f06e0>




***********size: (50, 20, 5, 5)


1.variable is 
[[[[-0.          0.         -0.08642971 -0.11766916 -0.0636275 ]
   [-0.05219349  0.         -0.         -0.09959064  0.        ]
   [ 0.          0.         -0.         -0.06673189  0.        ]
   [ 0.          0.          0.         -0.0506354  -0.        ]
   [-0.          0.          0.          0.07118975 -0.        ]]

  [[-0.05854712 -0.          0.11197194  0.         -0.        ]
   [-0.05854712  0.07600511  0.07600514 -0.06841895  0.        ]
   [-0.          0.08284716  0.          0.          0.        ]
   [-0.          0.          0.         -0.         -0.        ]
   [-0.         -0.         -0.         -0.         -0.06183832]]

  [[ 0.         -0.         -0.         -0.10082874  0.05982706]
   [-0.         -0.         -0.07340087 -0.04891245  0.        ]
   [ 0.          0.         -0.         -0.          0.06943863]
   [ 0.          0.07119003  0.         -0.         -0.        ]
   [-0.         -0.          0.         -0.          0.        ]]

  ..., 
  [[ 0.         -0.          0.         -0.          0.        ]
   [-0.         -0.          0.         -0.         -0.        ]
   [-0.          0.          0.          0.         -0.        ]
   [-0.06673175  0.         -0.         -0.         -0.        ]
   [ 0.         -0.          0.         -0.          0.        ]]

  [[ 0.          0.05648826  0.         -0.0506355  -0.        ]
   [-0.          0.          0.         -0.06673191 -0.        ]
   [ 0.          0.          0.         -0.          0.        ]
   [-0.06841904 -0.          0.03725956  0.          0.05818667]
   [ 0.0531521   0.          0.         -0.          0.        ]]

  [[-0.0569644  -0.         -0.          0.09910064  0.10393273]
   [-0.         -0.          0.          0.          0.        ]
   [-0.05539761 -0.0652456   0.         -0.         -0.        ]
   [ 0.         -0.         -0.05854686 -0.          0.        ]
   [-0.         -0.         -0.         -0.         -0.        ]]]


 [[[-0.          0.         -0.          0.06309424  0.06309424]
   [-0.07340065  0.          0.          0.10224595  0.        ]
   [-0.          0.         -0.         -0.         -0.        ]
   [ 0.          0.          0.         -0.         -0.        ]
   [-0.         -0.         -0.          0.          0.        ]]

  [[-0.          0.         -0.         -0.          0.        ]
   [ 0.         -0.         -0.          0.         -0.        ]
   [-0.06524564 -0.         -0.          0.         -0.        ]
   [-0.          0.         -0.         -0.         -0.        ]
   [ 0.          0.          0.         -0.05854679  0.        ]]

  [[-0.09788258  0.         -0.          0.07600498  0.        ]
   [ 0.          0.          0.08108547  0.14210969  0.09719622]
   [-0.06673177  0.08108547  0.13408041  0.10604866  0.        ]
   [ 0.          0.09090111  0.         -0.         -0.        ]
   [ 0.08746983  0.06309377  0.         -0.         -0.05854679]]

  ..., 
  [[ 0.         -0.         -0.         -0.         -0.        ]
   [ 0.         -0.          0.         -0.         -0.07507753]
   [ 0.          0.          0.         -0.         -0.        ]
   [-0.          0.          0.         -0.          0.        ]
   [-0.          0.          0.          0.          0.        ]]

  [[ 0.          0.         -0.         -0.         -0.        ]
   [ 0.          0.         -0.          0.         -0.        ]
   [-0.04701774  0.         -0.0864294  -0.         -0.        ]
   [-0.         -0.         -0.          0.          0.        ]
   [-0.0782918  -0.05696437 -0.         -0.          0.        ]]

  [[-0.          0.         -0.         -0.          0.        ]
   [ 0.         -0.         -0.          0.          0.        ]
   [ 0.          0.08108556 -0.         -0.05854713 -0.07507768]
   [ 0.          0.0662907  -0.07340088 -0.09477262 -0.        ]
   [-0.         -0.05854691 -0.08817215 -0.         -0.        ]]]


 [[[-0.         -0.         -0.10082889  0.         -0.        ]
   [ 0.07463387  0.10870242  0.          0.          0.        ]
   [ 0.          0.16203734  0.14672844  0.0874689  -0.04701749]
   [-0.          0.          0.         -0.         -0.07507759]
   [-0.          0.         -0.          0.0414232   0.03911874]]

  [[ 0.          0.         -0.          0.         -0.        ]
   [ 0.         -0.         -0.         -0.07997099 -0.07340045]
   [-0.         -0.         -0.         -0.05386438 -0.        ]
   [-0.          0.         -0.         -0.         -0.        ]
   [ 0.         -0.          0.          0.          0.        ]]

  [[ 0.         -0.         -0.         -0.          0.        ]
   [ 0.          0.         -0.         -0.         -0.        ]
   [ 0.          0.07295559  0.          0.09581051 -0.        ]
   [ 0.          0.          0.          0.         -0.        ]
   [ 0.          0.         -0.          0.0531521   0.        ]]

  ..., 
  [[-0.04375226  0.          0.          0.          0.        ]
   [-0.          0.         -0.          0.          0.        ]
   [ 0.          0.         -0.         -0.         -0.        ]
   [ 0.          0.          0.06629079 -0.          0.        ]
   [ 0.         -0.         -0.         -0.         -0.05063547]]

  [[-0.         -0.          0.08746886  0.          0.        ]
   [-0.06673208  0.          0.          0.07942996 -0.        ]
   [-0.          0.         -0.          0.         -0.        ]
   [-0.         -0.          0.07295559 -0.          0.        ]
   [-0.          0.          0.          0.          0.        ]]

  [[ 0.         -0.          0.          0.          0.        ]
   [ 0.05483358  0.          0.0598274   0.          0.        ]
   [-0.          0.06309429  0.06629068 -0.          0.        ]
   [-0.06183838 -0.          0.         -0.         -0.        ]
   [ 0.         -0.          0.04995858  0.05156482 -0.        ]]]


 ..., 
 [[[ 0.12215228  0.10604762  0.06629032  0.06463015  0.        ]
   [ 0.05483326  0.          0.          0.          0.        ]
   [-0.05854748 -0.         -0.          0.07119242 -0.        ]
   [-0.         -0.         -0.          0.          0.        ]
   [-0.         -0.         -0.06362704 -0.          0.        ]]

  [[-0.05539588 -0.         -0.          0.          0.        ]
   [ 0.          0.         -0.06362704  0.08927995  0.        ]
   [-0.          0.         -0.          0.         -0.        ]
   [ 0.         -0.         -0.          0.         -0.        ]
   [-0.          0.          0.06628969 -0.          0.        ]]

  [[ 0.08108429  0.05982726  0.          0.06462965 -0.        ]
   [ 0.          0.          0.09412377  0.          0.        ]
   [-0.          0.          0.          0.         -0.        ]
   [-0.         -0.          0.         -0.          0.        ]
   [ 0.04995856 -0.         -0.06524561 -0.         -0.07166225]]

  ..., 
  [[-0.          0.         -0.         -0.         -0.        ]
   [ 0.          0.          0.          0.         -0.05386434]
   [-0.          0.         -0.          0.         -0.        ]
   [-0.         -0.          0.          0.          0.        ]
   [-0.         -0.          0.05648802 -0.          0.        ]]

  [[ 0.         -0.05854685 -0.         -0.         -0.        ]
   [ 0.07600514 -0.          0.         -0.          0.        ]
   [ 0.         -0.         -0.          0.         -0.        ]
   [ 0.         -0.         -0.          0.          0.        ]
   [-0.         -0.         -0.          0.         -0.        ]]

  [[-0.         -0.          0.         -0.          0.        ]
   [-0.          0.         -0.         -0.          0.        ]
   [ 0.05315211  0.         -0.         -0.          0.        ]
   [ 0.         -0.          0.         -0.         -0.        ]
   [ 0.         -0.          0.          0.          0.        ]]]


 [[[ 0.         -0.          0.         -0.09477246 -0.09303067]
   [-0.          0.         -0.         -0.         -0.08324811]
   [ 0.         -0.         -0.         -0.12272033 -0.11294673]
   [ 0.07767781  0.         -0.         -0.         -0.        ]
   [ 0.         -0.         -0.         -0.         -0.0652458 ]]

  [[-0.          0.         -0.         -0.         -0.        ]
   [-0.         -0.          0.          0.          0.        ]
   [-0.         -0.          0.         -0.         -0.08150636]
   [-0.08496053 -0.          0.08431298 -0.         -0.        ]
   [-0.          0.         -0.         -0.          0.        ]]

  [[-0.         -0.         -0.         -0.10266064 -0.        ]
   [ 0.          0.          0.         -0.         -0.079971  ]
   [-0.         -0.          0.         -0.14692794  0.        ]
   [ 0.07600497  0.         -0.         -0.          0.0598272 ]
   [ 0.          0.         -0.08150613  0.          0.        ]]

  ..., 
  [[ 0.         -0.          0.          0.         -0.        ]
   [ 0.         -0.         -0.06362725 -0.07507794 -0.        ]
   [-0.04701743  0.         -0.         -0.          0.        ]
   [-0.         -0.         -0.         -0.07340079  0.        ]
   [-0.         -0.         -0.         -0.         -0.        ]]

  [[ 0.         -0.          0.          0.         -0.        ]
   [ 0.          0.          0.          0.          0.        ]
   [ 0.          0.         -0.          0.         -0.08817208]
   [-0.         -0.          0.04509692 -0.         -0.        ]
   [-0.          0.          0.         -0.09150434 -0.        ]]

  [[-0.         -0.         -0.         -0.07340079  0.        ]
   [-0.         -0.         -0.          0.          0.        ]
   [-0.         -0.         -0.10443533  0.          0.09241652]
   [ 0.         -0.         -0.          0.          0.        ]
   [-0.         -0.07829183 -0.          0.          0.        ]]]


 [[[-0.         -0.         -0.         -0.07507794 -0.        ]
   [-0.         -0.         -0.         -0.          0.        ]
   [ 0.         -0.         -0.11766917 -0.08642974 -0.        ]
   [ 0.         -0.         -0.          0.          0.        ]
   [ 0.         -0.         -0.         -0.         -0.        ]]

  [[-0.         -0.          0.          0.06309427 -0.        ]
   [-0.         -0.          0.          0.         -0.0995908 ]
   [ 0.          0.06309427  0.05818667 -0.         -0.        ]
   [ 0.          0.06943876 -0.0995908  -0.08817208 -0.        ]
   [ 0.         -0.          0.         -0.          0.        ]]

  [[ 0.         -0.         -0.         -0.08988298 -0.        ]
   [ 0.          0.          0.         -0.12272018  0.        ]
   [ 0.          0.          0.         -0.          0.10870216]
   [-0.         -0.          0.          0.09090127  0.09412378]
   [ 0.         -0.06183842  0.07295559  0.12215961 -0.        ]]

  ..., 
  [[-0.         -0.          0.         -0.         -0.        ]
   [-0.          0.          0.         -0.          0.        ]
   [-0.         -0.          0.         -0.         -0.07667634]
   [ 0.          0.         -0.         -0.07507796 -0.        ]
   [-0.         -0.06183846 -0.         -0.          0.        ]]

  [[ 0.         -0.         -0.          0.          0.        ]
   [ 0.          0.          0.07600514 -0.         -0.        ]
   [ 0.          0.         -0.          0.         -0.07997064]
   [ 0.05483321 -0.         -0.06024784 -0.0849605  -0.        ]
   [ 0.         -0.05854692 -0.         -0.06841887  0.        ]]

  [[ 0.         -0.05219347  0.         -0.          0.        ]
   [-0.         -0.         -0.          0.          0.        ]
   [-0.         -0.05854692  0.          0.          0.        ]
   [-0.          0.          0.11724889  0.          0.        ]
   [-0.          0.         -0.          0.         -0.        ]]]]


***********size: (50,)


2.variable is 
[-0.05835926  0.01838746 -0.05347083 -0.03454011 -0.04486213 -0.08638924
 -0.05681644 -0.00455036 -0.02422395 -0.04739344 -0.03888145 -0.00989945
 -0.00610869 -0.09753653 -0.10754907 -0.03623418 -0.06827495 -0.01167503
  0.02368123 -0.09170257 -0.07028943 -0.01113455  0.02741838 -0.04379803
 -0.02402647 -0.01227347 -0.01230443  0.10550282 -0.0391082  -0.0354095
 -0.0278602  -0.04796855  0.01958638 -0.06451699 -0.02260123 -0.06708223
 -0.06962012 -0.07262743 -0.02743493 -0.05685064 -0.03889546 -0.07613576
 -0.01414451 -0.08409435 -0.01681152 -0.03903746 -0.10978153  0.02108303
 -0.0697305  -0.04931773]


***********name: fc1 , layer: <caffe._caffe.BlobVec object at 0x7f2aad8f07c0>




***********size: (500, 800)


1.variable is 
[[ 0.          0.          0.03746052 ..., -0.03519346  0.         -0.        ]
 [ 0.          0.         -0.         ..., -0.         -0.         -0.        ]
 [-0.          0.0374602   0.         ..., -0.          0.          0.        ]
 ..., 
 [-0.         -0.         -0.         ...,  0.         -0.         -0.        ]
 [-0.         -0.         -0.         ...,  0.03746144 -0.          0.        ]
 [ 0.         -0.         -0.         ..., -0.         -0.          0.03746158]]


***********size: (500,)


2.variable is 
[ -2.97441590e-03   1.26152742e-03   7.85804447e-03  -3.35469190e-03
   5.78096078e-04  -1.98240974e-03   4.94724140e-03   6.80559594e-03
   1.66069577e-03   1.16993701e-02   4.57603345e-03   8.73154961e-03
   1.54300849e-03   7.53334200e-04   2.14737980e-03   8.93077534e-03
  -7.11773100e-05   8.93699122e-04   6.05322560e-03  -2.92521529e-03
   7.59176305e-03   7.74737622e-04  -7.48228142e-03   1.00274822e-02
   4.20718687e-03  -1.15881488e-03   9.11263283e-03  -1.60920748e-03
  -1.33399258e-03   7.91220088e-03   3.97850107e-03  -1.58897557e-04
  -5.06060780e-04   2.24372442e-03   7.46824546e-04   1.31957186e-02
   2.31802603e-03  -1.00274216e-02   1.45192549e-03  -1.31152489e-03
  -6.60188234e-05   1.44007755e-02   9.45877098e-03   6.93586946e-04
   8.22236296e-03  -1.04702385e-02   2.77938251e-03  -6.43275853e-04
   4.38429695e-03  -1.68711948e-03   1.30200908e-02  -1.65331864e-03
   1.55493361e-03   6.99927285e-03   1.18449666e-02   1.48482667e-03
   5.40945772e-03  -2.33383151e-03   6.89838221e-03  -2.42801709e-03
  -1.73671020e-03   1.69125258e-03  -4.98424144e-03  -5.11729950e-03
  -1.24420156e-04   7.28678005e-03   9.01229307e-03   2.75500910e-03
   5.12085296e-03   2.58171326e-03   1.05750524e-02  -3.96669703e-03
   2.20957375e-03  -1.35056587e-04   1.50698116e-02  -1.72409497e-03
  -2.16273637e-03   2.29450669e-02   7.27716647e-03   6.35803305e-03
   9.95017681e-03   6.62641600e-03   1.37719847e-02  -2.53054406e-03
   4.32487577e-03   8.60540022e-04   1.07324892e-03   1.62239913e-02
   1.80200499e-03   1.58612872e-03   1.58071853e-02   1.05120651e-02
   7.17888772e-03   1.31317163e-02  -1.29860255e-03   6.27936749e-03
   1.99294602e-03   7.13650417e-03  -3.03616910e-03   1.30874934e-02
  -1.23035061e-04   1.48276857e-03   4.43266425e-03   7.76014233e-04
   1.68933254e-03   6.60698768e-03   3.30123585e-03  -5.59985917e-03
   5.91704901e-03   8.86500289e-04   1.20519549e-02   1.33201154e-03
   2.22516269e-03   1.89991214e-03   9.31372866e-03  -1.13684405e-03
   2.48315674e-03   3.05033149e-03   5.79674356e-03   9.70198773e-03
   4.69399756e-03   1.13031580e-04   1.28693006e-03   3.24371108e-03
   2.05971319e-02   2.84942379e-03   1.37194199e-03   6.22295216e-03
   2.18630712e-02   2.73663774e-02   6.21284079e-03  -2.17350409e-03
   1.88266300e-02   5.74654434e-04   1.64538343e-02   4.02204040e-03
   9.16606933e-03   2.22834805e-03   1.25124883e-02   3.73401260e-03
  -4.55745356e-03   5.73264016e-03   6.65142492e-04   8.93412437e-03
   4.79356013e-03   7.20992219e-03   8.82600062e-03  -1.11441710e-03
  -1.16233039e-03  -3.00078723e-03   2.05041040e-02   7.34489551e-03
   8.57617613e-03   1.98350893e-03  -4.66982165e-04  -5.70473669e-04
   6.99409423e-03   1.20933279e-02   9.88523196e-03   2.55164737e-03
   1.40409097e-02   1.09511362e-02   2.13236245e-03   9.98865161e-03
   3.99077591e-03   9.69931111e-03  -1.49664329e-03   5.91656519e-03
  -7.71079678e-04   7.62003521e-03  -1.19485450e-03   1.46644833e-02
  -4.44092741e-03  -1.86726497e-03   6.79945247e-03   9.88053251e-03
   2.79462989e-03   1.43192708e-02   4.15526750e-03   5.55627048e-03
   5.13848756e-03  -1.18309988e-04   1.35245444e-02  -4.75318404e-03
   2.86277593e-03   1.27183264e-02  -1.49937076e-02   9.37671028e-03
   7.20299780e-03   9.38546320e-04  -2.82632117e-03  -5.17280819e-03
   5.77642443e-03  -4.27095406e-03   3.76639608e-03  -1.49868766e-03
  -8.17186141e-04   8.69503804e-03   2.25443253e-03   1.75230391e-03
   1.76721253e-02   8.34047608e-03   4.46996093e-03  -2.06967536e-03
   9.51791927e-03   5.80950361e-03   1.25603430e-04  -3.70011921e-03
   4.94350772e-03   5.51443838e-04   3.03499168e-03   1.81441929e-03
   1.99300330e-02  -9.58230012e-05   3.28302872e-03   4.34788270e-03
   4.57929727e-03  -1.04093854e-03   3.48189124e-03   4.46115620e-03
   1.29880290e-02  -2.54085753e-03   8.10011476e-03   1.01952325e-03
   7.60441273e-03  -4.94826701e-04   6.80694636e-03   3.20479716e-03
   6.00236980e-03   3.27241840e-04   1.37292109e-02  -5.75242331e-03
   6.82411529e-03   5.12578245e-03   6.39653020e-03  -2.96888221e-03
   1.91100854e-02   2.70313350e-03   2.02874411e-02  -9.70443303e-04
   2.79276855e-02   7.60779576e-03   8.40455014e-03   6.32580882e-03
  -8.98027734e-04   1.22751575e-02  -3.84755875e-03  -1.95503514e-03
  -5.60847875e-05   5.75722381e-03   1.63963474e-02   1.87561425e-04
   1.23939281e-02   4.65250993e-03   8.04840121e-03   9.48268920e-03
  -4.10199910e-03   2.87946360e-03   9.78715625e-03   1.69407937e-03
   6.11859094e-03  -3.72400158e-04  -4.62130131e-03   3.98329087e-03
  -2.61706067e-03   4.34124516e-03   1.69642945e-03   4.61312942e-03
   1.63830202e-02   3.62930470e-03   6.31831819e-03  -2.39547598e-03
  -2.31769076e-03   1.07856700e-03  -1.42836501e-03   4.05624416e-03
  -1.13572786e-03   1.38203278e-02   1.53512219e-02   7.80056324e-03
   1.49598047e-02   1.23533392e-02  -8.04546103e-03   4.77770896e-04
  -1.43982307e-03  -8.22263362e-04  -5.85830770e-04   2.94649787e-03
   1.17560672e-02  -1.99802080e-03  -1.91483216e-03   4.18795459e-03
   1.17878767e-03   6.83621147e-06   1.51142431e-02   3.31502315e-03
  -9.06754471e-03  -2.51036929e-03   1.26836300e-02   1.08612766e-02
   1.31079101e-03   3.77281220e-03   1.04461832e-03   4.44509927e-03
   1.97435752e-03   6.42695045e-03   8.78065173e-03   2.56330683e-03
  -6.28490001e-04   1.20226135e-02   3.00204009e-03   8.51629861e-03
  -3.46741173e-04   1.15347104e-02   5.01065934e-03   1.78081240e-03
   2.52646627e-03   7.77796423e-03  -2.71051959e-03   4.60099475e-03
  -4.00667544e-03  -1.07283215e-03   3.88621143e-03   6.70655209e-06
   1.48735335e-03   1.16193143e-03   9.51481331e-03   1.43175172e-02
   1.05541527e-04   1.94874406e-03   1.18106222e-02  -1.66735073e-04
  -1.23632525e-03   7.82902539e-03  -1.29049760e-04   1.05402181e-02
  -4.16960847e-03   5.29427268e-03   9.91483126e-03   1.05347736e-02
  -7.52316182e-03  -4.42232296e-04  -3.56815546e-03   4.00514761e-03
   6.77437382e-03  -4.28374112e-03   7.75688095e-03   9.36023612e-03
  -2.28317315e-03   3.00340983e-03  -4.02537844e-04   8.26191436e-03
   1.12337749e-02   5.65768871e-03  -1.71310722e-03   8.71246029e-03
   4.00013896e-03   1.85724255e-02   5.26515488e-03   1.91800052e-03
   7.09734438e-03   5.64762577e-03  -2.48884992e-03  -1.15109142e-03
   3.62330023e-03   3.51844169e-03  -4.41217422e-03   2.03318638e-03
   6.02672063e-03  -2.09500245e-03   1.01774489e-03  -2.62958201e-04
   3.75639601e-03   1.71405356e-03   1.19043607e-02  -5.00677666e-03
   4.43850644e-03   4.35655843e-03   1.83524173e-02   3.87100596e-03
   1.26255555e-02   5.59789781e-03   4.54487326e-03   8.09550472e-03
  -1.57987466e-03   5.30780246e-03   1.09938264e-03   1.66190229e-02
   6.54026959e-03  -1.30508759e-03  -6.00238051e-03  -6.16432750e-04
   9.35897045e-03   6.21361751e-03   1.62303504e-02   5.56848291e-03
   8.73995293e-03  -4.36669821e-03   9.99270566e-03  -2.10160017e-03
   8.32921418e-04  -8.84294219e-04   7.26351142e-03   1.88626314e-03
  -3.95175943e-04   4.54558153e-03   5.78786153e-03  -7.15491187e-04
   4.56970371e-03  -2.01649009e-03  -9.81322723e-04  -1.97465229e-03
   1.41584668e-02   6.68414682e-03   8.61610379e-03   7.00958911e-03
   5.05742105e-03   2.08066800e-03   1.01129403e-02   1.10235028e-02
   4.14552446e-03   4.83306870e-03  -2.18823901e-03   5.14751812e-03
  -1.26756961e-03   6.81691105e-03   3.15665803e-03   1.77785363e-02
   7.49035366e-03   2.15541781e-03   7.97975343e-03   6.41899137e-03
   2.02307366e-02   5.30169252e-03  -1.88467652e-03   1.11788437e-02
  -1.11046517e-02  -8.12121260e-04   1.14100019e-03  -4.66603599e-03
  -3.85368522e-03  -6.63929386e-03  -1.48804428e-03   2.28463789e-03
   1.76098978e-03   8.96725163e-04   1.29152546e-02  -1.08384667e-03
   5.11698751e-03   1.00194681e-02   1.57501586e-02   3.82119004e-04
   3.90536245e-03   3.36842728e-04  -5.94988605e-03  -1.17558741e-03
   8.39172862e-03   3.57185863e-03   9.81777720e-03   1.45774633e-02
   6.59998477e-06   9.62046720e-03   1.67259034e-02   1.05362106e-02
  -5.85249916e-04   1.22138381e-03   1.12077370e-02  -4.37238440e-03
   8.09838809e-03   2.10707169e-02   1.31531823e-02   1.12605290e-02
  -1.23532338e-03   3.28140915e-03   8.88245180e-03  -7.14883674e-04
   1.74793024e-02   3.36451922e-03  -3.24402703e-03   6.25285180e-03
   5.73170744e-03   3.81912896e-03   5.04258694e-03   1.47529272e-03
   1.40410429e-03  -3.38420534e-04  -9.03784577e-03   7.83834432e-04
   5.04371990e-03   5.39546413e-03  -1.94985047e-03  -2.34006060e-04
   5.56526287e-03   2.09082663e-03  -8.60963773e-05   6.58682501e-03
   1.67855565e-02   2.65438296e-03   5.58368349e-03  -1.65326509e-03]


***********name: fc2 , layer: <caffe._caffe.BlobVec object at 0x7f2aad8f0830>




***********size: (10, 500)


1.variable is 
[[ 0.          0.         -0.         ..., -0.         -0.         -0.        ]
 [ 0.         -0.         -0.         ...,  0.          0.          0.        ]
 [ 0.          0.          0.         ...,  0.         -0.2067018  -0.        ]
 ..., 
 [-0.         -0.          0.1156775  ...,  0.         -0.          0.        ]
 [ 0.          0.         -0.         ..., -0.         -0.          0.        ]
 [-0.         -0.         -0.         ..., -0.          0.20796257 -0.        ]]


***********size: (10,)


2.variable is 
[-0.00152331  0.01725592 -0.00639194 -0.02746481  0.00697232  0.0078299
 -0.04346632 -0.04208613  0.08870652  0.0001595 ]
