

***********name: conv1 




***********size: (20, 1, 5, 5) 


0.variable is 
[[[[ -7.13667572e-02   2.96439528e-01   4.86283861e-02   4.67222244e-01
      4.83462572e-01]
   [ -2.24426270e-01   6.72825649e-02   1.00759663e-01   2.39741188e-02
      3.13005954e-01]
   [  9.44040194e-02  -1.55996218e-01  -1.79861337e-01  -2.85550743e-01
     -1.07524425e-01]
   [ -4.03595060e-01  -4.20882225e-01  -3.87335151e-01  -3.27524334e-01
      2.72770911e-01]
   [ -4.00988877e-01  -2.99252212e-01  -1.83819175e-01   7.88107067e-02
      3.44475120e-01]]]


 [[[  5.01627386e-01   4.29271579e-01  -6.36671484e-02   1.40220940e-01
     -2.71471232e-01]
   [  4.58853185e-01   3.08112502e-01  -2.40047842e-01  -2.06885844e-01
     -3.30758750e-01]
   [  2.02074543e-01  -2.51923531e-01  -2.60863639e-02  -2.68793195e-01
     -2.59503424e-01]
   [ -1.09405041e-01  -7.94796366e-03  -2.46259749e-01  -2.24104553e-01
     -3.17277968e-01]
   [ -2.49927104e-01  -2.23257735e-01  -3.57533574e-01  -2.90957212e-01
      2.19665036e-01]]]


 [[[ -2.23892510e-01  -2.65921772e-01  -2.64147148e-02  -2.55134493e-01
      1.65352121e-01]
   [  1.72234401e-01   2.17896447e-01  -1.28354117e-01   1.79951876e-01
     -1.27594480e-02]
   [ -1.18553713e-01   9.79363173e-02   2.65291601e-01   2.36187771e-01
      1.57018661e-01]
   [  1.51286647e-02  -1.47448704e-01  -2.70762563e-01  -2.43776426e-01
      1.75329939e-01]
   [ -2.31732190e-01   8.44037905e-03   3.81700918e-02  -1.24561332e-01
      3.77545482e-03]]]


 [[[ -3.81390452e-02  -1.95035845e-01  -5.91797791e-02  -3.98841083e-01
     -2.83541203e-01]
   [  5.49431741e-02  -5.07915020e-02  -3.72823149e-01  -3.97465050e-01
     -3.22785735e-01]
   [ -5.53652644e-03  -1.07310586e-01   1.68365285e-01  -3.14712189e-02
     -4.71228287e-02]
   [ -1.24090210e-01   2.02195838e-01   2.34167889e-01  -3.23888958e-02
      1.49093211e-01]
   [  2.32567027e-01   1.54757172e-01   3.23664099e-01   4.70019311e-01
      4.82919157e-01]]]


 [[[ -7.15459362e-02   2.47089237e-01   1.32045984e-01  -1.49441317e-01
     -2.76290476e-01]
   [ -8.40331987e-02   1.53597653e-01  -3.69510770e-01  -3.87268156e-01
     -1.36269048e-01]
   [ -1.61157295e-01  -2.71393329e-01   1.16876885e-02  -9.89376754e-02
      2.61299521e-01]
   [  1.41581699e-01  -6.73997402e-02   1.52060047e-01   4.24727082e-01
      9.42522213e-02]
   [  3.46069038e-01   3.69385779e-02   3.25386912e-01  -5.37303090e-02
     -1.81021187e-02]]]


 [[[  2.40806513e-03   1.68866292e-01   5.80748729e-02   1.41115695e-01
      1.46188736e-01]
   [ -2.02135950e-01   1.99199408e-01   2.92116612e-01   2.29145989e-01
      3.83667499e-01]
   [ -1.22909896e-01   2.50621855e-01   2.97988504e-01   1.51206270e-01
      6.75490648e-02]
   [  2.50602305e-01   1.19841859e-01  -4.26502191e-02  -2.75171489e-01
      5.95117174e-03]
   [ -2.24203512e-01  -2.43564337e-01  -5.28760180e-02  -2.31646463e-01
     -2.70377487e-01]]]


 [[[  7.44706094e-02  -1.57615468e-01   1.66350231e-01   1.05399072e-01
     -2.02873558e-01]
   [  1.24247938e-01   6.23949282e-02  -1.25273496e-01  -6.24315105e-02
      1.89666122e-01]
   [ -5.72437607e-02  -1.51820034e-01   3.80377293e-01   3.02838504e-01
     -2.88898438e-01]
   [ -2.95453250e-01   8.77974331e-02   4.41699803e-01   1.48193794e-03
     -3.44985962e-01]
   [ -1.34020090e-01   2.23152637e-01   6.96078613e-02   2.24551141e-01
     -2.20014051e-01]]]


 [[[  7.49386102e-02   1.03473417e-01  -1.06413074e-01   1.32089704e-01
      2.46065028e-04]
   [  6.68525472e-02   1.97775185e-01   2.77792327e-02   2.71706551e-01
     -1.82777047e-01]
   [  1.84410870e-01   1.28886610e-01  -1.07068541e-02  -3.70626971e-02
      1.83106482e-01]
   [  1.24713622e-01   2.00344682e-01   5.68812247e-03   2.48948455e-01
     -2.73941845e-01]
   [  1.87793225e-01   2.82002717e-01  -2.14322861e-02   1.85307503e-01
     -4.40362915e-02]]]


 [[[ -2.16791511e-01  -2.73331195e-01   1.95487514e-01   2.00818405e-01
      2.23231137e-01]
   [ -2.22876325e-01  -1.35783643e-01   1.84073344e-01   3.30439121e-01
      8.07748884e-02]
   [ -3.04934114e-01   8.89640674e-02  -4.57244478e-02   3.85644734e-02
      2.85642266e-01]
   [  9.68744010e-02  -6.11407124e-02   1.99357212e-01   1.61271989e-02
      2.19527259e-01]
   [ -5.44872247e-02   1.08195238e-01  -2.22303525e-01   3.05293024e-01
      2.39554882e-01]]]


 [[[ -2.76272684e-01   2.72977561e-01  -3.46746556e-02   3.00213814e-01
     -1.92277938e-01]
   [ -4.90806922e-02   6.80199489e-02   1.65024742e-01   3.31054896e-01
     -2.93211311e-01]
   [ -1.75927326e-01   8.28894004e-02   3.87398779e-01   2.24388823e-01
     -3.79052907e-01]
   [ -1.83397546e-01   3.01844388e-01   3.48555118e-01  -1.00897513e-01
     -1.43398240e-01]
   [ -3.24495547e-02   2.77814478e-01   2.27678746e-01  -1.39779806e-01
     -1.70039982e-01]]]


 [[[ -1.15710080e-01   2.75185645e-01   3.72425079e-01   1.60059646e-01
     -1.61560833e-01]
   [  2.60987401e-01   2.97013372e-01   1.30414084e-01   3.79891932e-01
      3.58253837e-01]
   [  2.18593076e-01   2.69240528e-01  -1.37553615e-02   3.73311281e-01
      2.47154653e-01]
   [ -3.56963813e-01  -1.02007739e-01  -3.44594687e-01  -1.82553172e-01
      3.67941558e-02]
   [ -2.29870379e-01  -1.93624899e-01  -3.83373380e-01  -4.45295215e-01
     -3.97893429e-01]]]


 [[[  9.38011780e-02  -1.79692253e-01  -3.44826847e-01  -2.90895671e-01
     -7.01322407e-02]
   [  2.13542148e-01   1.38795510e-01  -2.03668833e-01  -3.13157856e-01
     -9.03937519e-02]
   [  1.21828936e-01   3.91999662e-01   1.27951741e-01   2.35360652e-01
     -9.47608128e-02]
   [ -6.75681606e-02   1.55515194e-01   4.30984259e-01   3.30070287e-01
      3.48601609e-01]
   [  1.75101921e-01   1.71025291e-01   7.36899972e-02  -7.10671097e-02
      2.52357125e-01]]]


 [[[ -3.33463587e-02   1.43979236e-01  -1.92129370e-02  -1.74136892e-01
     -3.17868404e-02]
   [  2.19091177e-01   3.18201035e-01   3.53974938e-01   6.41647652e-02
      1.97886258e-01]
   [ -2.57413417e-01   1.45615846e-01   2.02507675e-01   5.32267429e-03
     -5.99058829e-02]
   [ -1.29516751e-01  -2.64686346e-01  -1.06549703e-01   1.35564059e-01
     -2.54957020e-01]
   [ -8.05279911e-02  -3.37345153e-02   2.22681656e-01   1.54419467e-01
      1.64723262e-01]]]


 [[[  2.91466832e-01   2.19979703e-01   2.29429945e-01  -1.24198683e-01
      1.07582860e-01]
   [  5.58239454e-03  -1.25013217e-01  -2.02369422e-01  -2.73333967e-01
      1.42085090e-01]
   [  2.37815246e-01  -2.66165107e-01  -2.01774519e-02   1.95869178e-01
      9.09173861e-02]
   [  1.31168813e-01  -2.24401712e-01   7.02167526e-02   1.06580786e-01
      7.60850161e-02]
   [  1.67532966e-01  -5.27018160e-02   2.03230418e-02   7.33406842e-02
     -9.07664374e-02]]]


 [[[ -3.63912024e-02   4.08519238e-01   1.47221595e-01   6.93869591e-02
     -9.20246392e-02]
   [  1.78075418e-01   4.48913388e-02   4.67424423e-01   5.00258863e-01
      2.00778723e-01]
   [ -1.24369957e-01   1.55177996e-01   2.22121060e-01   1.93835124e-01
      3.83852690e-01]
   [ -4.54433888e-01  -4.06925768e-01  -4.23087597e-01  -4.81515378e-02
      1.81955129e-01]
   [ -3.02331775e-01  -2.99532652e-01  -3.36082339e-01  -4.61611986e-01
     -1.91572204e-01]]]


 [[[  1.79638207e-01  -2.24330872e-01  -1.15570031e-01  -7.99266547e-02
      2.40353674e-01]
   [  2.24749073e-02  -2.13077173e-01  -2.53509998e-01  -1.20563351e-01
     -1.10021040e-01]
   [ -3.62171769e-01  -4.48787600e-01  -3.02541792e-01  -4.23597693e-02
      2.52739668e-01]
   [ -2.06496179e-01  -4.09231484e-01  -7.90987238e-02   2.72770017e-01
      3.83261800e-01]
   [ -3.34802359e-01  -2.44599462e-01   3.44874978e-01   2.73907006e-01
      1.59289554e-01]]]


 [[[  2.36020833e-01   1.55048594e-01   8.37924033e-02  -3.94907534e-01
     -8.34567100e-02]
   [ -7.61654973e-02   2.77575582e-01   1.35119885e-01  -3.39986980e-01
     -4.31354225e-01]
   [  2.47279927e-01   2.31865793e-01  -1.26694247e-01  -4.79611494e-02
     -3.46872956e-01]
   [  2.32387945e-01   5.43642864e-02   3.29377234e-01   2.21504986e-01
     -1.07243478e-01]
   [ -2.13597059e-01   3.15099835e-01   3.07733506e-01   1.92548051e-01
      2.83664852e-01]]]


 [[[ -4.31493111e-02  -1.55884430e-01  -2.27926299e-01   3.63142163e-01
      2.03608006e-01]
   [ -2.04730242e-01   1.47072496e-02  -8.90147537e-02   4.33204263e-01
      8.17902982e-02]
   [ -1.70404077e-01   4.97332476e-02   3.15022826e-01   4.03065503e-01
     -1.94836169e-01]
   [  1.89962789e-01  -1.02051049e-01  -8.68669972e-02  -7.52921924e-02
     -6.40168414e-02]
   [ -4.94320951e-02   2.44189292e-01   1.89442962e-01   2.96800047e-01
     -2.73888260e-02]]]


 [[[ -1.52558088e-01  -2.78032839e-01   6.97542951e-02  -2.13640239e-02
     -1.80574834e-01]
   [ -4.74437356e-01  -4.45116222e-01  -3.64299953e-01  -2.79772699e-01
     -1.88573703e-01]
   [ -2.81232357e-01  -2.96866626e-01  -3.78810674e-01  -2.86402613e-01
     -3.46744945e-03]
   [  3.38958412e-01   3.66823286e-01   3.14300418e-01   1.71687335e-01
      1.05798766e-01]
   [  4.84290034e-01   3.01807433e-01   5.71111254e-02   3.02962452e-01
      7.09012477e-03]]]


 [[[  2.50013590e-01   3.50430101e-01   2.34257817e-01   2.38461584e-01
      2.53579706e-01]
   [ -1.78472593e-01   4.27866578e-02   1.29854262e-01   2.39621401e-01
     -1.49910137e-01]
   [ -2.69402117e-01  -5.51383942e-02  -3.07627559e-01  -2.05695137e-01
     -9.59122255e-02]
   [  1.86540693e-01   1.94758605e-02  -2.37508520e-01  -3.33734304e-01
     -5.72097264e-02]
   [ -1.00251809e-01   1.02370225e-01  -3.57367694e-02   2.10138340e-03
      1.20645501e-01]]]]


***********size: (20,) 


1.variable is 
[-0.04460052  0.36850542 -0.11891199  0.04376715 -0.08763395 -0.1084489
 -0.20970578 -0.21013145 -0.07851677 -0.10791121 -0.02238877 -0.26652178
 -0.11567047 -0.04553388  0.08808655  0.23154229 -0.28313074 -0.00898276
 -0.17419334  0.0651246 ]


***********name: conv2 




***********size: (50, 20, 5, 5) 


0.variable is 
[[[[  4.83448580e-02  -1.84310302e-02   2.15202849e-02  -2.75337733e-02
      3.89621370e-02]
   [  2.59296480e-03   6.98313937e-02   8.81997719e-02   4.24202420e-02
     -2.26867627e-02]
   [ -1.33026927e-03   7.44348839e-02   4.64439616e-02  -7.05095427e-03
     -6.85238019e-02]
   [ -4.32729684e-02   3.79128382e-02  -6.74307868e-02   4.77054566e-02
     -4.70556207e-02]
   [  2.55881678e-02   4.10333723e-02  -4.32863049e-02   2.16606259e-02
     -3.43075618e-02]]

  [[  3.72820757e-02  -6.02707565e-02  -4.87079285e-02  -2.10956763e-02
      3.93937677e-02]
   [  1.50087094e-02  -4.21701595e-02   7.23512024e-02  -2.17589876e-03
     -8.18637945e-03]
   [ -4.49470282e-02  -4.28778604e-02  -2.34581460e-03  -6.42378032e-02
     -2.07949206e-02]
   [ -2.38021873e-02  -1.04206381e-02  -7.12858653e-03   3.95520441e-02
      2.36263499e-02]
   [ -1.96954403e-02  -6.91659153e-02   4.69550267e-02  -1.11557841e-02
      1.68792959e-02]]

  [[  4.72145528e-03   4.15482372e-03   1.85323581e-02   2.42934786e-02
      2.42346413e-02]
   [ -3.66480686e-02  -1.51456632e-02  -4.03543096e-03  -1.17085390e-02
      3.61105874e-02]
   [  2.67657824e-02  -2.05618981e-02  -3.32885608e-02   4.81140874e-02
     -3.25021404e-03]
   [  6.18332885e-02   4.67573740e-02  -1.40466653e-02   2.45313514e-02
      3.29853781e-02]
   [ -3.51441875e-02  -3.57139744e-02  -2.10389234e-02  -3.13633569e-02
      3.60912457e-02]]

  ..., 
  [[ -3.45382020e-02  -5.74728532e-04  -2.66222339e-02   8.33320804e-03
     -7.25263059e-02]
   [  1.90917961e-02  -4.05827276e-02   1.61068782e-03   1.72491390e-02
      2.16895249e-02]
   [  1.82254557e-02  -6.04014769e-02  -5.03107160e-03   3.16513330e-02
     -1.36023620e-02]
   [  6.06537377e-03   2.05807691e-03   5.66255748e-02   6.23185281e-03
      1.85180362e-02]
   [  1.84718221e-02   2.20121723e-02  -3.82547714e-02   2.48720869e-02
      2.95513663e-02]]

  [[ -6.20002300e-03  -1.55366736e-03   4.12938111e-02  -2.55011506e-02
     -4.56488654e-02]
   [ -5.13607189e-02  -6.25529438e-02  -5.02058752e-02   5.71061559e-02
      2.44086096e-03]
   [ -4.35056165e-03   3.15613416e-03   4.56197001e-02   1.56408008e-02
     -3.35435420e-02]
   [ -3.30575742e-02   1.45054155e-03  -2.49896999e-02  -2.18444373e-02
     -8.18994734e-03]
   [ -4.75416929e-02   1.47746969e-02   2.46517803e-03  -3.58665697e-02
     -2.44682264e-02]]

  [[  2.54686251e-02  -6.04098896e-03  -4.82293032e-02  -1.48760937e-02
     -1.88686661e-02]
   [ -3.99866095e-03   8.05991143e-02   1.17507968e-02   3.97416949e-02
      4.44100536e-02]
   [  3.42744961e-02   5.29150292e-02  -3.46751185e-03  -2.65978016e-02
      1.96792167e-02]
   [ -6.53109029e-02  -3.12178079e-02   3.74024473e-02   6.07936531e-02
      1.41470982e-02]
   [ -2.74708271e-02  -2.03365497e-02   3.11246440e-02  -6.58492604e-03
     -5.34804724e-02]]]


 [[[ -2.31967075e-03   2.76804063e-02  -3.20322886e-02   1.95577294e-02
     -6.76961467e-02]
   [ -8.04069117e-02   4.46013585e-02  -7.52986874e-03  -1.04832925e-01
      2.00036671e-02]
   [  2.43511349e-02   3.53722461e-02  -5.50313033e-02  -1.39880776e-02
     -4.81493957e-02]
   [  2.12510619e-02   5.59856780e-02   2.74815354e-02  -4.97909039e-02
     -2.67802570e-02]
   [  7.44600268e-03   2.08718255e-02   7.79058179e-03  -2.83284169e-02
      2.18502283e-02]]

  [[  1.74814388e-02  -2.37601306e-02  -2.64975540e-02  -1.64221097e-02
     -1.34091061e-02]
   [ -1.34135578e-02  -9.56671371e-04  -8.22146162e-02  -1.12210223e-02
     -4.95368876e-02]
   [  2.61755940e-02  -7.82553386e-03  -1.01286620e-01  -1.54605797e-02
     -5.93192987e-02]
   [  5.19649275e-02  -6.36397749e-02  -5.52075952e-02  -7.51365954e-03
     -4.67613991e-03]
   [  1.03605222e-02  -4.99454886e-02  -2.08347403e-02   9.71226208e-03
      1.23982923e-02]]

  [[ -2.41767038e-02  -7.57821603e-03  -2.35481523e-02   5.10239750e-02
     -4.62610051e-02]
   [ -3.83989215e-02   2.65109297e-02   3.18064280e-02   2.77650990e-02
     -1.69023650e-03]
   [  1.90798584e-02  -3.60496640e-02  -1.45824882e-03  -2.22209375e-02
     -3.49608697e-02]
   [  2.05116086e-02   3.20104435e-02  -8.81926715e-03  -4.05516624e-02
     -3.46326083e-02]
   [  1.83585659e-02  -2.23624147e-03  -1.91250816e-03   2.61639450e-02
      2.60670688e-02]]

  ..., 
  [[  1.77003928e-02  -2.20001135e-02   2.36264076e-02  -3.06307711e-02
      1.31446188e-02]
   [ -2.60785054e-02   2.21406650e-02  -4.27783321e-04  -2.23296937e-02
      7.06547350e-02]
   [ -2.82784682e-02   2.77529680e-03   1.31987892e-02  -3.79768126e-02
      2.36055162e-02]
   [ -3.53855565e-02  -4.79704291e-02  -1.27301747e-02   3.52779962e-02
     -5.56928329e-02]
   [  2.69596577e-02  -1.65610239e-02   2.67563816e-02  -2.71499306e-02
     -5.99418432e-02]]

  [[  6.86694831e-02  -3.41776349e-02   5.73888421e-02   2.36102603e-02
     -1.12220254e-02]
   [ -3.98434103e-02   3.52934673e-02  -5.58745861e-02   1.61420251e-03
      9.82444544e-05]
   [ -2.41412632e-02  -3.90384421e-02  -8.09453055e-02  -8.99181291e-02
     -4.19539027e-02]
   [  2.78466213e-02  -5.46034984e-02  -6.81422278e-02  -4.70636748e-02
     -4.33408245e-02]
   [ -1.76903494e-02  -1.98101737e-02   1.90423906e-03  -2.18577012e-02
      4.26175967e-02]]

  [[  2.39724182e-02  -6.00439906e-02  -5.16599081e-02  -2.21127290e-02
     -2.81229708e-02]
   [  2.37658303e-02  -3.43686552e-03  -5.27138636e-02  -8.60034022e-03
      3.86015661e-02]
   [ -4.26511914e-02  -1.75653268e-02  -5.16179353e-02   2.44614724e-02
      2.55200285e-02]
   [ -6.21807799e-02  -8.95706341e-02  -1.42076118e-02  -1.02953482e-02
      4.51025665e-02]
   [  1.88727980e-03  -5.84253855e-02  -6.34557605e-02  -4.04063240e-02
      1.89186409e-02]]]


 [[[ -2.14169566e-02  -5.19516319e-02  -6.45285323e-02  -7.43566528e-02
     -3.49538401e-02]
   [  4.85184789e-02   4.19743359e-03  -1.38281127e-02  -5.91077544e-02
     -5.07736579e-02]
   [  1.70065146e-02   1.11259371e-01   1.64569933e-02  -1.36700366e-02
     -7.04770014e-02]
   [  3.34065966e-02   2.37380657e-02  -1.31605174e-02   2.16703229e-02
      6.06031902e-02]
   [  1.27778156e-02  -7.32343793e-02  -4.24506702e-02   4.96913632e-03
     -1.49492910e-02]]

  [[ -5.81868850e-02  -1.35480352e-02  -3.63385491e-02   2.71366630e-03
     -3.25102173e-03]
   [  3.85715946e-04  -5.40401712e-02  -1.15902431e-01  -9.32986960e-02
     -3.44508216e-02]
   [ -2.94275861e-03  -7.47735985e-03  -1.70570258e-02  -2.11972054e-02
     -3.14521976e-02]
   [ -5.97607791e-02  -7.06382617e-02   1.66708566e-02  -5.66985011e-02
     -1.67164132e-02]
   [ -1.52208945e-02   4.02315101e-03   3.05942651e-02   1.06560672e-02
      5.29261567e-02]]

  [[  4.52611148e-02   3.01740915e-02   5.15590459e-02  -1.12156831e-02
      6.34831656e-03]
   [ -3.14364284e-02   9.38302744e-03   6.20656833e-02   6.60280604e-03
     -3.86429182e-03]
   [ -1.15652867e-02  -1.53270634e-02   8.74211267e-02   6.73442930e-02
      3.00684795e-02]
   [  6.39144378e-03   2.75374800e-02  -3.07679567e-02  -1.38380388e-02
      3.07884011e-02]
   [  1.88097376e-02  -3.94515786e-03   3.95133952e-03  -1.94605044e-03
      4.89558652e-02]]

  ..., 
  [[ -1.96341854e-02  -2.68356204e-02   1.63595360e-02  -2.63308138e-02
     -2.28630640e-02]
   [ -3.17302309e-02  -3.91401872e-02   2.00312044e-02   2.88224574e-02
     -3.97445746e-02]
   [ -1.15172565e-02  -4.63971570e-02   2.21504718e-02  -5.84332123e-02
      1.12702213e-02]
   [ -6.72672987e-02  -6.42120764e-02   6.31225621e-03   1.74725242e-03
     -7.33877392e-03]
   [ -4.23942097e-02  -4.86297049e-02  -4.99862283e-02  -5.55820279e-02
      2.76994184e-02]]

  [[  3.79898101e-02   2.47849617e-02   1.01728596e-01   1.02439299e-01
      9.25747529e-02]
   [ -1.76637471e-02   6.16019443e-02  -2.54100505e-02   8.14031214e-02
      1.16572037e-01]
   [ -1.46491500e-03  -3.77942882e-02  -7.70489350e-02  -1.35932267e-02
     -2.52111424e-02]
   [ -5.27791074e-03   6.26244470e-02  -4.21783654e-03  -8.31007957e-03
     -3.68324220e-02]
   [ -1.27112132e-03  -2.22348124e-02  -1.10631939e-02   3.79082747e-02
      4.26053116e-03]]

  [[ -6.65131165e-03  -8.32252298e-03   7.98202120e-03  -6.16605673e-03
      2.36586332e-02]
   [  2.59593735e-03   6.24641627e-02   9.55632702e-03  -3.38404439e-02
     -4.54666577e-02]
   [  3.05553600e-02   5.97357601e-02   6.33948371e-02   5.48428483e-02
     -7.59429336e-02]
   [  2.22912971e-02   4.36261669e-02   4.60498706e-02  -1.03383064e-02
      4.22039330e-02]
   [ -3.40094492e-02  -2.48952974e-02   2.75200997e-02   6.07046392e-03
     -5.48715144e-02]]]


 ..., 
 [[[  4.66879755e-02  -5.19477203e-03   2.30320655e-02   6.95021600e-02
      6.01855181e-02]
   [  2.93390779e-03   1.67813767e-02   6.96281344e-02   5.23133986e-02
      3.72768939e-02]
   [  2.68792640e-02  -4.24783602e-02  -3.88675779e-02  -3.48415077e-02
      4.15154360e-02]
   [ -3.92116196e-02  -6.53602779e-02  -2.09896248e-02   4.96786050e-02
      3.35270576e-02]
   [  1.76714063e-02  -7.17459023e-02  -5.51255271e-02  -4.06598523e-02
      3.96004766e-02]]

  [[  2.72311773e-02   4.17273864e-03  -5.72833084e-02   2.81948294e-03
      2.39030607e-02]
   [ -4.23833579e-02  -3.39888334e-02   1.82523895e-02  -1.39571633e-02
     -9.94540006e-03]
   [ -2.12615784e-02  -3.76138557e-03   5.67719564e-02  -4.24970463e-02
     -2.12604441e-02]
   [ -3.28402943e-03   5.01230098e-02   6.84409812e-02  -5.72009757e-02
     -2.81297211e-02]
   [  3.45273763e-02  -4.30621998e-03   2.00561956e-02  -3.73692624e-02
     -6.30319044e-02]]

  [[ -9.57083143e-03  -1.38103217e-02  -1.13277575e-02  -5.19573651e-02
     -5.53512089e-02]
   [ -7.53481872e-03  -6.39543086e-02  -3.26415151e-02   4.07869332e-02
     -4.73844400e-03]
   [  1.16642900e-02  -3.26862372e-02  -2.43247347e-03  -3.57290916e-02
      2.59267762e-02]
   [ -1.40308887e-02  -2.45542023e-02   5.93882753e-03  -1.14512332e-02
      1.91319305e-02]
   [  3.71324383e-02  -5.62979989e-02   3.82455997e-02   3.74531373e-02
      1.84304900e-02]]

  ..., 
  [[  3.93574499e-02   4.11879737e-03  -2.79706679e-02   6.13093637e-02
      2.76490115e-02]
   [  9.51296184e-03   5.87074691e-03  -8.73188302e-03  -1.85159477e-03
     -4.78841141e-02]
   [ -9.47988033e-03   2.54920144e-02  -4.41599041e-02   5.07018864e-02
     -1.62338074e-02]
   [  3.73910107e-02  -1.99678447e-02  -2.15644762e-02  -1.01386821e-02
     -1.03957113e-03]
   [ -9.18976497e-03  -4.01535667e-02  -2.19885744e-02  -3.50029916e-02
      1.63059104e-02]]

  [[ -3.00694425e-02   4.78655845e-02   1.55378086e-02  -9.95978992e-03
      1.96529217e-02]
   [  9.28857923e-03   2.37099063e-02  -5.36291445e-05  -4.37691323e-02
      5.97526468e-02]
   [ -1.10507105e-02  -4.73874435e-02  -1.21855773e-02  -4.91042882e-02
     -7.13930503e-02]
   [  2.16555074e-02  -4.43254337e-02   3.67227457e-02  -2.00120453e-02
     -5.92133477e-02]
   [ -3.18446048e-02  -3.34596224e-02   4.19885069e-02   2.66465750e-02
      5.90064563e-02]]

  [[ -3.98972631e-02   1.04459720e-02  -3.41806374e-02   4.83903065e-02
      2.52478048e-02]
   [  1.27511192e-02  -4.19709496e-02   5.42456247e-02   4.04456928e-02
      3.91483270e-02]
   [ -6.28377646e-02  -6.22952841e-02  -2.26407126e-02  -4.81624417e-02
     -4.59068939e-02]
   [  3.27964239e-02  -1.83419399e-02  -3.75143886e-02  -4.86428291e-02
      8.46435409e-03]
   [  2.98042484e-02  -5.05588315e-02  -2.08664909e-02  -2.79877447e-02
      2.47136019e-02]]]


 [[[  3.03374939e-02   5.41362958e-03   8.76082256e-02   5.98555878e-02
      2.52034497e-02]
   [  5.03289420e-03   4.78124917e-02   4.50893678e-02   2.25642137e-02
     -7.22674578e-02]
   [ -5.79765700e-02   5.64525798e-02  -3.67048793e-02  -6.00893237e-02
     -4.56072763e-02]
   [  2.79529225e-02  -7.51706958e-02  -7.62452334e-02  -6.02582470e-02
      7.48710036e-02]
   [ -5.45285940e-02  -4.16062102e-02  -7.73801841e-03  -3.17458101e-02
      2.91649662e-02]]

  [[  1.85688380e-02   5.98927736e-02  -2.26776511e-03   3.07505466e-02
     -2.59442329e-02]
   [ -2.32126489e-02  -2.00334806e-02   4.66894433e-02  -6.37585074e-02
     -3.79327126e-02]
   [  1.08813578e-02  -2.45885998e-02  -3.00077647e-02  -9.36534554e-02
      3.86285298e-02]
   [ -1.22321062e-02  -2.99646743e-02  -8.39576721e-02   8.50392580e-02
      9.21356231e-02]
   [  7.10234046e-03  -6.23994581e-02   5.74866943e-02   9.56355259e-02
      5.63259386e-02]]

  [[  5.79545908e-02  -4.28664498e-03   2.01124940e-02   9.86678153e-03
     -1.28743900e-02]
   [ -2.98405811e-02  -4.48056497e-02   8.53321422e-03  -5.29845729e-02
     -3.74330133e-02]
   [ -2.93240082e-02  -2.99430620e-02  -2.02352945e-02   1.18487701e-02
     -9.80252586e-03]
   [ -5.64826019e-02   9.72236227e-03   3.54165547e-02   3.77705805e-02
     -2.88181864e-02]
   [  4.59256358e-02   1.09428130e-02   4.00632396e-02  -6.83468953e-02
      2.48270705e-02]]

  ..., 
  [[ -1.08164912e-02   2.61870846e-02  -1.89427026e-02   4.67916429e-02
      8.57949199e-04]
   [ -6.88604563e-02  -3.12719797e-03  -3.25185657e-02  -4.60545309e-02
     -9.00913868e-03]
   [ -3.21710259e-02  -7.10329134e-03   5.34723140e-03   5.47049232e-02
     -3.36648487e-02]
   [ -5.22213206e-02   2.54665222e-03   1.81941241e-02   4.43752296e-02
     -2.21254788e-02]
   [  2.90082092e-03   7.14164674e-02   9.89912823e-03   1.95805561e-02
      9.92291234e-03]]

  [[  5.56958094e-02   4.07319777e-02  -1.13276755e-02  -5.91823086e-02
      2.26369384e-03]
   [  2.84089446e-02   2.73914281e-02  -4.61184466e-03   9.31888074e-02
      6.50875345e-02]
   [ -3.62224393e-02   2.10787728e-02   9.18015614e-02   7.85453320e-02
     -3.36108878e-02]
   [  6.72163069e-02   6.79186434e-02   5.92163391e-02  -3.33945118e-02
     -6.39263764e-02]
   [  5.85001484e-02  -1.35180764e-02  -1.79009810e-02   2.25832649e-02
      6.25656024e-02]]

  [[ -2.25084703e-02   2.41736472e-02   5.68076642e-03  -3.58541757e-02
      2.09101234e-02]
   [ -3.20585482e-02   1.51912421e-02   1.82950459e-02   2.73239538e-02
     -3.33036222e-02]
   [  4.89255302e-02   3.61912325e-02   1.01123070e-02  -4.67868987e-03
     -3.07059474e-02]
   [ -4.08186093e-02   2.60979664e-02  -5.92013635e-03   5.41652627e-02
      5.08138835e-02]
   [ -6.04663230e-02  -4.79730405e-02   7.10792141e-03   5.29517829e-02
     -9.83793847e-03]]]


 [[[  7.26045528e-03  -4.12215292e-02  -1.04579382e-01  -5.68426326e-02
     -3.62694152e-02]
   [ -1.35120703e-02  -4.87269871e-02  -1.33163892e-02  -4.83317673e-03
      7.09462836e-02]
   [  5.60396649e-02   1.12299010e-01   1.06707305e-01   1.07123867e-01
      2.97876485e-02]
   [ -6.86178133e-02   3.43330763e-02  -1.14269517e-02  -2.52450220e-02
     -3.35374884e-02]
   [ -2.34158356e-02   3.75251919e-02   1.35007845e-02   5.05416282e-02
      4.47008945e-02]]

  [[ -4.58904281e-02  -3.07884496e-02  -2.88810506e-02  -7.45214820e-02
     -9.37842727e-02]
   [ -6.68203011e-02  -2.39707599e-03  -1.55796520e-02  -6.45533279e-02
      1.27153676e-02]
   [  1.96219627e-02  -1.04608750e-02   7.37574464e-03   1.31507957e-04
      8.58396664e-03]
   [ -5.09713963e-02  -8.29304084e-02  -2.68398132e-02  -1.67147517e-02
     -3.96590233e-02]
   [ -5.59782274e-02  -3.95968743e-02   2.12088823e-02  -5.07391766e-02
      8.15459192e-02]]

  [[  5.12944572e-02   2.31461171e-02   4.34258468e-02   1.77802946e-02
      3.55825527e-03]
   [ -1.89392623e-02   1.10803242e-03   8.35559890e-02   3.49830687e-02
      4.57396917e-02]
   [  2.76628751e-02   2.12803036e-02   7.57608423e-03   1.61242653e-02
      4.36709486e-02]
   [ -5.15550654e-03   2.12718546e-02   5.54776527e-02  -2.53040679e-02
      3.51543948e-02]
   [ -4.58470285e-02  -2.15754509e-02   4.94935215e-02   4.54715192e-02
      4.34661657e-03]]

  ..., 
  [[ -2.40571927e-02  -2.65608467e-02  -5.10815345e-03   2.83536259e-02
      4.37759459e-02]
   [  1.58314425e-02  -2.38384604e-02  -7.52008855e-02   2.32118834e-02
     -7.73162174e-05]
   [ -7.33175734e-03   1.54209957e-02  -1.05786202e-02  -5.36498725e-02
     -3.70113179e-02]
   [ -3.81866172e-02  -3.52768153e-02  -2.45178416e-02  -2.39916984e-02
      3.92525084e-03]
   [ -6.60911277e-02   3.52468691e-04   2.58790888e-02   2.11504232e-02
     -7.54118040e-02]]

  [[  6.42539933e-02   7.22630993e-02   8.54405090e-02   1.81826741e-01
      1.33429453e-01]
   [ -5.30926622e-02  -5.63322008e-03   6.06880747e-02   3.98178548e-02
     -1.42768463e-02]
   [ -3.43686379e-02   4.70100939e-02  -1.14685548e-02   2.13713963e-02
      9.83077437e-02]
   [  7.31539577e-02   6.14480823e-02   7.71657750e-02   4.92736837e-03
      4.30305712e-02]
   [ -6.57513365e-02   5.06405719e-02   6.08502477e-02   1.85585655e-02
      4.61040251e-02]]

  [[ -6.12006821e-02   6.11479580e-03  -5.10152476e-03  -1.81929599e-02
     -2.10179668e-02]
   [ -7.39908451e-03   4.83242907e-02  -4.10584249e-02   2.11563949e-02
      5.33667430e-02]
   [  2.32783053e-02   8.15720558e-02   1.18701980e-01   8.95814821e-02
      4.07011732e-02]
   [  2.37391833e-02   2.02356819e-02  -2.64418013e-02  -1.75744779e-02
      2.91903559e-02]
   [ -6.81838319e-02  -6.60315678e-02   1.06748091e-02   2.98615992e-02
      3.67113389e-02]]]]


***********size: (50,) 


1.variable is 
[ -4.15357128e-02  -5.13280965e-02  -7.27707148e-02  -5.29840998e-02
  -7.44342655e-02  -3.22375596e-02  -3.69866975e-02  -8.39770213e-02
  -6.18300140e-02  -1.96384044e-05  -4.31496911e-02  -4.99230176e-02
  -3.18111107e-02  -3.93825918e-02  -9.50867683e-02  -2.74167527e-02
  -4.83570173e-02  -6.32190332e-02  -5.02133928e-02   2.28238874e-03
  -3.16326655e-02  -6.53406754e-02  -4.94372100e-02  -7.51131997e-02
  -4.63946126e-02  -6.64188415e-02  -7.81749785e-02   1.55093586e-02
  -1.44974351e-01  -7.31927678e-02  -5.59239648e-02  -1.18138462e-01
  -4.13430743e-02  -5.43875471e-02   2.77950950e-02  -4.48329784e-02
  -3.42559814e-02  -1.09894667e-02  -6.63408116e-02   3.80977918e-03
  -5.20612001e-02   2.26625372e-02   1.75711960e-02  -5.00811730e-03
  -5.45648783e-02  -7.94439316e-02   6.37582922e-03  -1.12315826e-02
  -6.56171143e-02  -9.22257081e-02]


***********name: ip1 




***********size: (500, 800) 


0.variable is 
[[ 0.00292495  0.0110893   0.00158233 ..., -0.02716616  0.00990827
  -0.03162942]
 [ 0.00183959 -0.02154842 -0.00124387 ..., -0.01071095 -0.03286452
  -0.01098905]
 [-0.00413435  0.01568886  0.02093595 ..., -0.04571774 -0.04708693
   0.00745577]
 ..., 
 [ 0.02843056  0.02434353 -0.01067979 ...,  0.00445106 -0.00716228
  -0.01607749]
 [-0.01070038 -0.0350089   0.03841699 ..., -0.01951087  0.04338429
   0.01280462]
 [-0.03805902 -0.02827694 -0.016809   ..., -0.0007344   0.02432775
  -0.02600379]]


***********size: (500,) 


1.variable is 
[ -2.36410019e-03   7.27002509e-04  -2.92720529e-03   4.20780154e-03
   8.12313426e-03   3.15439235e-03   2.42104288e-03   1.09221330e-02
   8.42580455e-04   4.72294865e-03   5.26064681e-03  -7.47091556e-03
   5.56755112e-03  -2.23160442e-03  -2.30227737e-03  -3.10345483e-03
   5.53176878e-03   3.06567643e-03  -7.06891669e-03  -2.38217739e-03
   1.05392188e-03  -1.84293499e-03   3.62789579e-04   4.58351150e-03
   7.66137848e-03   1.48111838e-03  -1.42427853e-05  -3.04514309e-03
  -1.05163064e-02  -3.11615760e-04  -2.64839572e-03   2.69398000e-03
  -4.65139979e-03   5.78678353e-03  -2.46733194e-04   2.06735404e-03
   6.01839740e-03  -7.86825456e-03   1.61334610e-04  -5.32321399e-03
   5.46909682e-03   5.49857598e-03   3.28549813e-03   5.15395030e-03
   4.12982050e-03  -6.32400112e-03   7.57542625e-03  -2.47367047e-04
  -4.06057248e-03   3.01418873e-03  -6.98549440e-04  -7.10801175e-03
   4.04021097e-03  -6.35998603e-03  -2.29179859e-03   2.57790415e-03
  -2.94274098e-04   3.80265852e-03   3.37334117e-04   9.06686299e-04
  -1.81613781e-04   1.93333754e-03   3.28426179e-03   7.84792192e-03
   3.27386009e-03   7.24410755e-04  -1.39774755e-03  -4.85599227e-03
   5.42358635e-03  -3.31331952e-03   4.44014091e-03  -2.89548608e-03
   6.65480457e-03  -1.12195197e-03  -2.46264786e-03  -2.14453507e-03
  -4.28697909e-04  -1.98272127e-03  -5.13416156e-03  -3.33644263e-03
   5.30736614e-03  -1.97998248e-03   1.72957964e-03  -5.64273098e-04
   4.88590740e-04  -6.04079664e-03   6.95885485e-03   1.50303287e-03
   5.11794491e-03   3.91762424e-03   1.17657508e-03   4.96017002e-03
   6.82947226e-03   7.32259220e-03  -2.09509232e-03  -1.18227676e-03
   7.32771959e-03   4.53196419e-03   3.06838984e-03   2.44266796e-03
  -2.97699613e-03  -5.03836852e-03   1.46480277e-02   5.14797773e-03
   7.36370636e-03   2.13042647e-03   4.92051570e-03   2.07762234e-03
   5.81997121e-03   2.91810115e-03  -8.52335338e-03  -4.75376751e-03
   4.71190840e-04   1.48957115e-05  -9.58124947e-05  -2.94037838e-03
  -5.20748040e-03   3.54650407e-03  -1.35467458e-03  -5.31621685e-04
   1.20636132e-02   2.74986424e-03   1.23983910e-02   2.29299744e-03
  -1.24097103e-04   4.64592595e-03  -4.14309883e-03   3.86446388e-03
  -1.42580678e-03   2.51451973e-03   3.93338175e-03   2.47275177e-03
   1.18182302e-02   2.64928560e-03  -1.83917931e-03   3.62156541e-03
   7.97597412e-03  -3.58303264e-03  -2.02458631e-03   1.80046039e-03
   3.82527988e-03   9.78843542e-04  -3.82053619e-03   1.49977067e-03
   3.72202974e-03   1.32830616e-03   1.86796533e-03  -1.64929242e-03
   2.98123946e-03   2.00005458e-03   7.70745380e-03  -1.89626927e-03
   3.95622663e-03  -8.13630875e-04   3.65141477e-03   7.51511601e-04
   2.94330344e-03  -5.22118062e-03  -1.29054149e-03   1.14278998e-02
   1.74866021e-02   7.26133632e-03   6.32263487e-04  -6.00699522e-03
  -7.75141176e-03   4.32881387e-03  -3.85341235e-03   7.76738906e-03
  -3.37666855e-03  -7.31583033e-03  -3.73110850e-03  -6.84449682e-03
   2.10077059e-03   1.24896248e-03  -1.56276650e-03  -2.30390741e-03
  -5.91301499e-03   6.55396795e-03   6.49482151e-03   1.59852125e-03
   1.86826091e-03  -2.44234945e-03  -2.13370848e-04   6.08340837e-03
  -1.99380051e-03   3.02528555e-04   2.17176537e-04  -3.06897797e-03
  -1.06395688e-02   3.74954403e-03  -1.23356900e-03   5.54138329e-04
  -5.24101953e-04  -5.05670090e-04   7.75289861e-03   1.29448343e-03
  -1.12668925e-03  -3.80210375e-04  -4.25710855e-03  -4.55880631e-03
   2.03560782e-03  -4.50046267e-03  -4.14793892e-03   7.03711435e-03
   9.40677337e-03  -4.63376381e-03   4.44507459e-03  -1.38939905e-03
   5.34949498e-03   7.74461962e-03   6.72483398e-03   2.82120745e-04
  -1.74109160e-03   1.23217702e-03  -2.46174377e-03   4.29536076e-03
  -8.95942189e-03  -2.65109586e-03   8.57966579e-03   1.46108586e-03
  -8.39424226e-03  -5.24681900e-03  -7.04935705e-03  -2.79193721e-03
   2.74812919e-03   7.98455719e-03  -5.86774573e-03  -1.98006304e-03
   6.85135042e-03   4.12056223e-03   9.50885285e-03   9.32961423e-03
   1.13890925e-03  -1.32160087e-03   1.38888531e-03  -1.80205691e-03
   3.67880845e-03   4.01182240e-03   7.76920700e-03  -2.85066455e-03
   9.78023652e-03  -1.56317861e-03   6.47644186e-03   7.35298777e-03
  -2.58973590e-03  -9.65908822e-03  -3.69286607e-03   2.66975118e-03
  -5.23675187e-03   3.72942002e-03  -4.11242945e-03   9.95702948e-03
   5.80176478e-04  -1.45443436e-03  -4.52425517e-03   1.16806664e-02
  -1.40920701e-02  -6.58541467e-05   4.16460959e-03  -4.78070648e-03
  -5.19794226e-03  -4.35983203e-03   1.40534865e-03  -4.19564778e-03
  -8.76154285e-04   6.81610894e-04   1.36139349e-03   3.89100448e-03
  -3.87755618e-03  -3.68345110e-03  -2.96677626e-03   1.34827034e-03
  -9.00356192e-03   6.82243425e-03  -1.43253920e-03   1.94655033e-04
   7.89149944e-03  -3.55969206e-03   6.29834319e-03   3.10078543e-03
  -3.14624188e-03  -7.94340111e-03   1.04196253e-04  -1.07598808e-02
  -3.45039135e-03   1.16819830e-03  -5.69083542e-03   3.23056034e-03
   5.72051294e-03  -1.85118348e-03   4.73437598e-03  -3.52090667e-03
   3.51088541e-03  -2.21307762e-03   3.12123122e-03  -9.46453016e-04
  -3.66856321e-03  -1.11892249e-03  -2.03847000e-03   6.11897791e-03
   3.67169385e-03  -1.70588389e-03  -7.42700417e-03  -1.41966343e-03
  -8.59298976e-04   6.15025696e-04   3.22126737e-03   3.35138850e-03
  -1.82753673e-03   2.55894312e-03  -3.14714294e-03   5.09248953e-03
  -4.88744024e-03  -2.63392273e-03  -6.66792318e-03   2.59559602e-03
  -5.37795899e-03   1.72747020e-03  -4.58176527e-03   4.68741127e-05
   1.14219880e-03   2.05233740e-03  -1.18173368e-03   8.44369270e-03
  -6.18582126e-03   4.99465084e-03  -3.04806302e-03   1.96382194e-03
   1.94794987e-03   8.08460824e-03   4.99508809e-03   2.15646927e-03
   6.75689545e-04   2.10077545e-04  -1.68482622e-03  -5.30710211e-03
   1.06154988e-02  -6.15384243e-03   1.43190613e-03   5.57170901e-03
   8.22043919e-04   1.52773154e-03  -8.67616211e-04  -1.52633209e-02
  -1.71834137e-03   1.55787529e-05  -5.65093895e-03   3.82759422e-03
  -1.22964513e-04  -1.05331501e-03  -8.29298049e-04  -5.43174916e-04
   1.50731555e-03   4.44104197e-03   3.61129321e-04   5.56000415e-03
   1.83729036e-03   1.59040221e-03  -3.62853031e-03   1.75468950e-03
   5.40865399e-03   3.79937206e-04  -4.50558821e-03   6.05548453e-03
  -1.86625728e-03   2.86231213e-03  -2.41706986e-03   2.77978624e-03
   4.55998490e-03   3.41492239e-03   2.19184676e-05  -6.61369553e-03
  -1.89211080e-03   3.37200635e-03  -5.52742928e-03  -5.63328573e-03
  -4.03301418e-03   1.50113623e-03   1.48594184e-02   5.31504257e-03
  -1.73344172e-03   4.31995979e-03  -1.46560976e-03  -3.87438806e-04
  -3.86995776e-03   7.51706166e-03   3.01636243e-03  -8.62914324e-03
   3.74640990e-03   5.20140352e-03   4.24750661e-03  -4.31555463e-03
   3.11406772e-03   1.25322002e-03  -1.33834209e-03   6.14521839e-03
   1.74868468e-03   3.09462356e-03  -1.34212198e-03  -4.52082418e-03
  -9.84233897e-03  -5.35479281e-04   6.35048700e-03   1.62555296e-02
   7.00452179e-03  -2.76284455e-03   1.43845915e-03   2.54297722e-03
   4.08201898e-03   1.78552279e-03   7.35837361e-03   7.40633626e-03
  -1.22708108e-04   3.38013377e-03   1.30180293e-03   6.99586375e-03
  -2.40725931e-03   3.68823647e-04  -5.17564639e-03   1.82247360e-03
  -7.90359918e-04  -5.21534868e-03   1.25268928e-03   4.13758960e-03
  -3.20424093e-03  -5.65145444e-03   3.20844352e-03  -2.19569984e-03
  -3.42536275e-03  -5.05646970e-03  -2.13455805e-03   8.08455516e-03
   1.02919582e-02  -5.01153152e-03  -1.48163491e-03   4.39943280e-03
   1.90024741e-03  -5.19935973e-03   2.46721110e-03  -8.54853261e-03
   5.62439847e-04   4.82870359e-03   3.27287521e-03  -1.58023392e-03
   6.67784538e-04   8.88638385e-03  -2.53880234e-03   4.28718328e-03
   1.22391770e-03   2.65308982e-03  -1.76039420e-03   4.58199671e-03
   2.02590413e-03  -4.38819407e-03  -7.34009268e-03   2.76783644e-03
   7.09066750e-04   4.31522168e-03  -5.98610844e-03   3.49936145e-03
  -2.68120901e-04   2.84709851e-03   5.58913033e-03  -3.36648244e-03
   1.78427610e-03   3.73498224e-05   1.78416632e-03  -8.74081510e-04
  -3.65821109e-03   1.44157291e-03   2.98488885e-03  -1.19529513e-03
   6.84955996e-03   7.85318948e-03  -1.68431699e-02  -5.34939487e-03
   1.14298367e-03  -5.15002105e-03   9.51907225e-03   5.46907773e-03
   2.31828098e-03  -4.58760653e-04  -1.80975461e-04  -1.66931818e-03
  -7.91108236e-04   1.55384410e-02  -1.43651222e-03  -2.53103953e-03
  -4.59215930e-03   8.84545618e-04   6.50363648e-03  -2.37391447e-03
   8.97230639e-04   2.44658650e-03   4.31468507e-04   1.26210600e-03
  -2.01337226e-03   4.08986164e-03  -2.38027913e-03  -1.08908443e-03]


***********name: ip2 




***********size: (10, 500) 


0.variable is 
[[ 0.02239635 -0.06754529  0.04793195 ...,  0.11104577 -0.0664479
  -0.04251655]
 [-0.01069024  0.03531194  0.06127917 ..., -0.08952428 -0.05923559
   0.08927607]
 [-0.012715    0.05331479 -0.09001649 ...,  0.13075681  0.03030033
  -0.01718647]
 ..., 
 [-0.11788907 -0.0054947   0.01885874 ..., -0.05286587  0.14023197
   0.07260605]
 [ 0.01134577  0.05572243  0.07527846 ...,  0.04584441  0.01346071
  -0.09019384]
 [-0.09740335 -0.09069987  0.02072634 ..., -0.09927225  0.00173416
   0.08027884]]


***********size: (10,) 


1.variable is 
[ -1.80083588e-02   2.13472638e-02  -9.50249750e-03  -1.77096892e-02
  -5.42238304e-05   2.18382739e-02  -4.49262075e-02   6.83183130e-03
   4.85481583e-02  -8.36981740e-03]
